137237	0.0102	Body	1569, 	
137237	0.0102	Body	1559, 	
137237	0.0102	Body	417, 	
137240	0.0182	Body	1021, 	
137228	0.0196	Body	1013, 	
137228	0.0196	Body	1226, 	
137228	0.0392	Body	1606, 1610, 	
137228	0.0196	Body	1654, 	
137228	0.0196	Body	1264, 	
137228	0.1176	Body	65, 292, 371, 644, 790, 1276, 	
137223	0.0769	Body	27, 	
137237	0.0408	Body	212, 274, 476, 727, 	
137240	0.0182	Body	8, 	
137228	0.0196	Body	213, 	
137237	0.0510	Body	282, 321, 562, 587, 1460, 	
137240	0.0182	Body	519, 	
137240	0.0182	Body	687, 	
137228	0.0392	Body	1252, 1501, 	
137228	0.0196	Body	1212, 	
137237	0.0102	Body	1037, 	
137228	0.0196	Body	380, 	
137237	0.0204	Body	283, 400, 	
137240	0.0364	Body	598, 650, 	
137228	0.0196	Body	1611, 	
137237	0.0102	Body	810, 	
137228	0.0196	Body	420, 	
137237	0.0510	Abstract	92, 	Body	284, 421, 1132, 1462, 	
137240	0.0545	Body	488, 599, 735, 	
137237	0.0102	Body	731, 	
137237	0.0102	Body	535, 	
137237	0.0102	Body	740, 	
137237	0.0102	Body	802, 	
137228	0.0196	Body	451, 	
137237	0.0408	Body	285, 422, 439, 1577, 	
137240	0.0182	Body	600, 	
137228	0.0196	Body	452, 	
137237	0.0408	Body	504, 560, 1089, 1139, 	
137240	0.0182	Body	601, 	
137228	0.0784	Body	466, 701, 1041, 1114, 	
137237	0.0306	Body	680, 942, 1032, 	
137240	0.0182	Body	602, 	
137237	0.0102	Body	404, 	
137237	0.0102	Body	814, 	
137228	0.0196	Body	521, 	
137237	0.0102	Body	756, 	
137240	0.0182	Body	622, 	
137228	0.0196	Body	537, 	
137237	0.0306	Body	641, 664, 1140, 	
137240	0.0182	Body	651, 	
137237	0.0102	Body	1373, 	
137228	0.0392	Body	568, 707, 	
137237	0.0102	Body	1179, 	
137240	0.0364	Body	652, 1057, 	
137237	0.0102	Body	898, 	
137228	0.0196	Body	763, 	
137228	0.0196	Body	658, 	
137237	0.0102	Body	1180, 	
137240	0.0364	Body	653, 822, 	
137237	0.0102	Body	198, 	
137237	0.0102	Body	1261, 	
137237	0.0102	Body	1264, 	
137237	0.0102	Body	1288, 	
137237	0.0102	Body	709, 	
137228	0.1373	Body	79, 120, 395, 646, 792, 1016, 1040, 	
137223	0.1538	Body	159, 265, 	
137237	0.0408	Body	224, 453, 530, 1556, 	
137240	0.0182	Body	95, 	
137228	0.0392	Body	668, 720, 	
137237	0.0510	Body	515, 724, 820, 1181, 1549, 	
137240	0.0727	Body	672, 676, 686, 1055, 	
137240	0.0182	Abstract	59, 	
137228	0.0196	Body	719, 	
137228	0.0196	Body	1044, 	
137240	0.0182	Body	766, 	
137237	0.0102	Body	466, 	
137228	0.0196	Body	1267, 	
137237	0.0102	Body	463, 	
137228	0.0196	Body	682, 	
137237	0.0510	Body	469, 1303, 1319, 1390, 1699, 	
137240	0.0182	Body	680, 	
137237	0.0102	Body	817, 	
137237	0.0102	Body	521, 	
137228	0.0196	Body	683, 	
137237	0.0102	Body	1386, 	
137240	0.0364	Body	703, 723, 	
137237	0.0102	Body	708, 	
137228	0.0196	Body	684, 	
137237	0.0306	Body	556, 1469, 1761, 	
137240	0.0182	Body	709, 	
137237	0.0102	Body	821, 	
137240	0.0364	Body	113, 563, 	
137228	0.0392	Body	685, 1543, 	
137237	0.0408	Body	737, 1049, 1521, 1547, 	
137240	0.0727	Body	463, 762, 787, 1019, 	
137237	0.0102	Body	759, 	
137237	0.0204	Body	712, 728, 	
137228	0.0392	Body	686, 708, 	
137237	0.0306	Body	1112, 1196, 1605, 	
137240	0.0545	Body	878, 944, 1040, 	
137228	0.0196	Body	520, 	
137228	0.0196	Body	687, 	
137237	0.0102	Body	1606, 	
137240	0.0182	Body	924, 	
137237	0.0102	Body	706, 	
137228	0.0196	Body	721, 	
137237	0.0204	Body	608, 1607, 	
137240	0.0182	Body	1062, 	
137237	0.0102	Body	750, 	
137237	0.0102	Body	454, 	
137228	0.0196	Body	722, 	
137237	0.0204	Body	1608, 1652, 	
137228	0.0392	Body	779, 788, 	
137237	0.0204	Body	509, 1676, 	
137228	0.0392	Body	121, 421, 	
137223	0.0769	Body	162, 	
137237	0.0306	Body	240, 275, 573, 	
137240	0.0182	Body	137, 	
137228	0.0392	Body	377, 840, 	
137237	0.0204	Body	1475, 1739, 	
137237	0.0102	Body	645, 	
137228	0.0392	Body	843, 901, 	
137237	0.0102	Body	1762, 	
137228	0.0392	Body	994, 1004, 	
137237	0.0102	Body	1795, 	
137228	0.0196	Body	1005, 	
137237	0.0204	Body	218, 1796, 	
137228	0.0588	Body	1024, 1056, 1174, 	
137237	0.0306	Body	545, 1085, 1797, 	
137237	0.0102	Body	909, 	
137228	0.0196	Body	1088, 	
137237	0.0204	Body	612, 1804, 	
137240	0.0182	Body	537, 	
137228	0.0392	Body	1200, 1240, 	
137237	0.0102	Body	1815, 	
137228	0.0588	Body	1241, 1270, 1283, 	
137237	0.0204	Body	1081, 1816, 	
137228	0.0196	Body	1350, 	
137237	0.0102	Body	1817, 	
137240	0.0182	Body	486, 	
137240	0.0182	Body	484, 	
137228	0.0196	Body	1351, 	
137223	0.0769	Body	121, 	
137237	0.0204	Body	1062, 1826, 	
137240	0.0182	Body	811, 	
137228	0.0196	Body	127, 	
137223	0.0769	Body	166, 	
137237	0.0918	Body	258, 276, 318, 340, 384, 592, 798, 903, 1365, 	
137240	0.0182	Body	229, 	
137228	0.0196	Body	1352, 	
137237	0.0204	Body	468, 1833, 	
137228	0.0196	Body	836, 	
137237	0.0102	Abstract	137, 	
137237	0.0102	Body	429, 	
137228	0.0196	Body	1369, 	
137237	0.0102	Body	1834, 	
137228	0.0784	Body	1391, 1504, 1566, 1719, 	
137237	0.0102	Body	1835, 	
137237	0.0102	Body	730, 	
137237	0.0102	Body	639, 	
137228	0.0588	Body	1392, 1490, 1612, 	
137237	0.0204	Body	1150, 1842, 	
137228	0.1569	Body	1393, 1491, 1507, 1596, 1613, 1628, 1703, 1720, 	
137237	0.0510	Body	210, 253, 761, 1576, 1843, 	
137228	0.0784	Body	1394, 1575, 1597, 1614, 	
137228	0.0196	Body	1208, 	
137228	0.0392	Body	1463, 1598, 	
137228	0.0196	Body	1464, 	
137228	0.0784	Body	1502, 1627, 1666, 1777, 	
137237	0.0102	Body	1051, 	
137228	0.0196	Body	1576, 	
137237	0.0102	Body	692, 	
137237	0.0102	Body	651, 	
137237	0.0102	Body	1568, 	
137228	0.0392	Body	128, 1262, 	
137223	0.0769	Body	250, 	
137237	0.0714	Body	259, 277, 570, 622, 825, 939, 957, 	
137240	0.0364	Body	274, 1012, 	
137228	0.0392	Body	532, 1577, 	
137237	0.0204	Body	1102, 1740, 	
137228	0.0196	Body	125, 	
137228	0.0196	Body	1646, 	
137237	0.0102	Body	621, 	
137228	0.0392	Body	667, 1162, 	
137228	0.0196	Body	1721, 	
137237	0.0102	Body	826, 	
137237	0.0102	Body	635, 	
137240	0.0182	Body	798, 	
137228	0.0196	Abstract	29, 	
137228	0.0196	Body	129, 	
137237	0.1020	Body	260, 271, 278, 319, 387, 542, 735, 940, 997, 1366, 	
137240	0.0182	Body	275, 	
137237	0.0204	Body	649, 864, 	
137237	0.0204	Body	653, 866, 	
137228	0.0196	Body	514, 	
137228	0.0196	Body	130, 	
137237	0.1020	Body	261, 279, 364, 419, 471, 523, 941, 998, 1053, 1262, 	
137240	0.0545	Body	376, 732, 819, 	
137237	0.0306	Abstract	57, 	Body	1177, 1198, 	
137240	0.0182	Body	714, 	
137237	0.0102	Body	272, 	
137237	0.0102	Body	1128, 	
137223	0.0769	Body	50, 	
137240	0.0364	Body	725, 779, 	
137228	0.0196	Body	138, 	
137228	0.0392	Body	140, 1650, 	
137237	0.0918	Body	262, 280, 317, 477, 524, 527, 841, 1066, 1265, 	
137240	0.0182	Body	458, 	
137228	0.0196	Body	2, 	
137223	0.0769	Body	217, 	
137228	0.0196	Body	1177, 	
137237	0.0102	Body	201, 	
137237	0.0102	Body	630, 	
137228	0.0196	Body	1620, 	
137237	0.0102	Body	1115, 	
137228	0.0196	Body	200, 	
137237	0.0816	Body	263, 281, 320, 365, 420, 485, 569, 999, 	
137240	0.0182	Body	465, 	
137237	0.0102	Body	634, 	
137237	0.0102	Body	629, 	
137228	0.0392	Body	628, 759, 	
137237	0.0102	Body	914, 	
137240	0.0182	Body	945, 	
137228	0.0196	Body	1622, 	
137237	0.0102	Body	1558, 	
137237	0.0102	Body	1840, 	
137237	0.0408	Body	1072, 1096, 1116, 1126, 	
137240	0.0727	Abstract	68, 72, 	Body	697, 701, 	
137228	0.0196	Body	557, 	
137228	0.0196	Body	22, 	
137237	0.0102	Body	660, 	
137237	0.0204	Body	671, 973, 	
137228	0.0980	Body	275, 717, 772, 861, 1656, 	
137228	0.0196	Body	587, 	
137223	0.0769	Body	153, 	
137228	0.0196	Body	107, 	
137237	0.0816	Abstract	123, 	Body	118, 369, 411, 970, 1311, 1325, 1665, 	
137228	0.0392	Body	38, 1536, 	
137223	0.0769	Body	267, 	
137228	0.0392	Body	23, 1693, 	
137237	0.0102	Body	668, 	
137228	0.0588	Abstract	22, 	Body	168, 194, 	
137228	0.0392	Body	438, 525, 	
137228	0.0196	Body	1454, 	
137223	0.0769	Body	130, 	
137240	0.0182	Body	1048, 	
137240	0.0182	Body	1072, 	
137228	0.0196	Body	444, 	
137240	0.0182	Body	131, 	
137228	0.0980	Body	1065, 1071, 1078, 1133, 1149, 	
137240	0.0364	Body	636, 1176, 	
137237	0.0204	Body	582, 1746, 	
137228	0.0196	Body	827, 	
137237	0.0816	Abstract	116, 	Body	854, 1129, 1332, 1356, 1540, 1543, 1671, 	
137240	0.0364	Body	902, 1037, 	
137228	0.0392	Body	1278, 1692, 	
137223	0.1538	Body	235, 334, 	
137240	0.0545	Abstract	19, 	Body	323, 408, 	
137228	0.0196	Body	1595, 	
137223	0.0769	Body	335, 	
137237	0.0306	Abstract	9, 	Body	115, 690, 	
137240	0.0364	Body	62, 404, 	
137228	0.0392	Body	956, 1046, 	
137223	0.0769	Body	133, 	
137240	0.0545	Abstract	55, 	Body	9, 682, 	
137223	0.0769	Body	48, 	
137237	0.0102	Body	303, 	
137240	0.0182	Body	985, 	
137223	0.0769	Body	190, 	
137237	0.0102	Body	937, 	
137228	0.0784	Body	471, 850, 918, 1668, 	
137237	0.2143	Abstract	54, 145, 	Body	63, 96, 156, 158, 182, 265, 297, 335, 392, 414, 618, 673, 781, 845, 954, 1440, 1641, 1845, 1872, 	
137240	0.0182	Body	834, 	
137237	0.0102	Abstract	12, 	
137228	0.0196	Body	1755, 	
137237	0.0204	Body	160, 1515, 	
137240	0.0182	Body	575, 	
137228	0.0196	Body	1122, 	
137240	0.0182	Body	937, 	
137237	0.0408	Abstract	112, 	Body	861, 964, 1015, 	
137240	0.0727	Abstract	37, 	Body	160, 287, 662, 	
137223	0.0769	Body	41, 	
137228	0.0196	Body	1657, 	
137228	0.1176	Body	7, 112, 257, 426, 737, 1324, 	
137228	0.0588	Body	767, 855, 868, 	
137228	0.0196	Body	405, 	
137237	0.0306	Body	1027, 1394, 1672, 	
137228	0.0588	Body	842, 1506, 1645, 	
137223	0.4615	Body	26, 99, 158, 161, 165, 213, 	
137237	0.0816	Body	386, 484, 591, 734, 797, 840, 1065, 1468, 	
137240	0.0545	Body	877, 923, 1011, 	
137223	0.0769	Body	139, 	
137237	0.0102	Body	1779, 	
137228	0.0196	Body	1407, 	
137228	0.0196	Body	558, 	
137240	0.0182	Body	1034, 	
137240	0.0364	Body	182, 309, 	
137228	0.0196	Body	1505, 	
137240	0.0364	Body	82, 806, 	
137228	0.0392	Body	820, 1052, 	
137228	0.0588	Body	1100, 1144, 1338, 	
137223	0.1538	Body	337, 349, 	
137237	0.0408	Abstract	193, 	Body	1214, 1778, 1920, 	
137240	0.0727	Abstract	34, 126, 	Body	3, 157, 	
137228	0.0980	Body	1, 154, 313, 433, 1758, 	
137237	0.0816	Body	332, 478, 666, 808, 1274, 1451, 1653, 1865, 	
137228	0.0980	Body	118, 132, 152, 871, 888, 	
137240	0.0182	Body	7, 	
137228	0.1373	Body	159, 259, 361, 407, 439, 1112, 1303, 	
137237	0.0102	Body	1061, 	
137228	0.0196	Body	598, 	
137223	0.0769	Body	209, 	
137228	0.0196	Body	1337, 	
137228	0.0784	Body	916, 1089, 1143, 1704, 	
137237	0.0204	Body	225, 286, 	
137240	0.0182	Body	639, 	
137240	0.0364	Body	23, 1213, 	
137228	0.0392	Body	1090, 1705, 	
137228	0.0196	Body	848, 	
137228	0.0196	Body	1387, 	
137237	0.0102	Abstract	107, 	
137237	0.0102	Abstract	46, 	
137237	0.0102	Abstract	154, 	
137240	0.0182	Body	1051, 	
137237	0.0102	Body	1095, 	
137228	0.0588	Body	536, 1616, 1632, 	
137240	0.0909	Body	289, 604, 977, 1027, 1035, 	
137240	0.0182	Body	307, 	
137240	0.0182	Body	300, 	
137223	0.0769	Body	261, 	
137228	0.0196	Body	549, 	
137237	0.0102	Body	1253, 	
137240	0.0182	Body	631, 	
137240	0.0182	Body	661, 	
137223	0.0769	Body	90, 	
137240	0.0364	Abstract	69, 	Body	698, 	
137237	0.0204	Body	977, 1016, 	
137240	0.0182	Body	260, 	
137228	0.0392	Body	173, 1594, 	
137237	0.0714	Abstract	174, 	Body	1231, 1342, 1654, 1680, 1751, 1901, 	
137240	0.0182	Body	1113, 	
137228	0.1176	Body	222, 565, 579, 592, 785, 898, 	
137237	0.0102	Body	1634, 	
137237	0.0102	Body	1805, 	
137240	0.0545	Body	974, 1137, 1226, 	
137228	0.0784	Body	551, 1007, 1091, 1386, 	
137223	0.3077	Body	147, 185, 205, 242, 	
137240	0.0545	Abstract	1, 	Body	87, 1228, 	
137228	0.0196	Body	597, 	
137240	0.0182	Body	341, 	
137228	0.0196	Body	1488, 	
137240	0.0364	Abstract	58, 	Body	685, 	
137228	0.0196	Body	499, 	
137228	0.0196	Body	831, 	
137228	0.0588	Body	41, 77, 1061, 	
137223	0.0769	Body	271, 	
137223	0.0769	Body	313, 	
137237	0.0204	Abstract	71, 	Body	489, 	
137237	0.0408	Abstract	69, 	Body	199, 252, 430, 	
137228	0.0196	Body	1689, 	
137223	0.0769	Body	10, 	
137237	0.0408	Abstract	64, 	Body	518, 699, 1512, 	
137240	0.1273	Body	479, 617, 643, 935, 949, 963, 1004, 	
137240	0.0182	Body	740, 	
137237	0.0204	Body	80, 149, 	
137228	0.0784	Body	731, 742, 768, 853, 	
137240	0.0364	Body	946, 1249, 	
137228	0.0392	Body	709, 1306, 	
137240	0.0182	Body	1184, 	
137223	0.0769	Body	273, 	
137237	0.0510	Abstract	16, 	Body	100, 792, 881, 887, 	
137240	0.0182	Body	717, 	
137228	0.0196	Body	1012, 	
137237	0.0204	Body	1250, 1655, 	
137240	0.0182	Body	554, 	
137228	0.0392	Body	1176, 1181, 	
137240	0.0182	Body	818, 	
137237	0.0102	Body	1378, 	
137228	0.0196	Body	218, 	
137237	0.0204	Body	1732, 1878, 	
137228	0.0588	Body	987, 992, 1137, 	
137228	0.0392	Body	185, 1372, 	
137237	0.0204	Body	771, 875, 	
137240	0.0182	Body	73, 	
137223	0.0769	Body	28, 	
137240	0.0182	Body	915, 	
137237	0.0102	Body	175, 	
137228	0.0196	Abstract	5, 	
137228	0.0196	Body	1160, 	
137223	0.0769	Body	49, 	
137240	0.1273	Abstract	85, 	Body	81, 420, 792, 815, 826, 1146, 	
137240	0.0182	Body	1014, 	
137237	0.0102	Abstract	0, 	
137237	0.0306	Body	1398, 1482, 1487, 	
137228	0.0196	Body	10, 	
137228	0.0196	Body	556, 	
137237	0.0102	Body	1204, 	
137223	0.0769	Body	113, 	
137237	0.0204	Body	707, 725, 	
137240	0.0182	Body	988, 	
137237	0.0102	Body	1349, 	
137237	0.0204	Body	1421, 1623, 	
137240	0.0727	Abstract	88, 	Body	216, 533, 864, 	
137237	0.0102	Body	1590, 	
137237	0.0102	Body	1613, 	
137228	0.0196	Abstract	20, 	
137228	0.0196	Body	1211, 	
137237	0.0102	Body	1715, 	
137228	0.0196	Body	1782, 	
137223	0.3077	Body	240, 259, 272, 330, 	
137237	0.0102	Body	1383, 	
137240	0.0182	Body	1227, 	
137228	0.0196	Body	1569, 	
137228	0.0392	Body	1118, 1406, 	
137228	0.0196	Body	1333, 	
137228	0.0196	Publisher	0, 	
137223	0.0769	Publisher	0, 	
137237	0.0102	Publisher	0, 	
137240	0.0182	Publisher	0, 	
137240	0.0364	Body	346, 358, 	
137223	0.0769	Body	164, 	
137237	0.0306	Body	215, 1088, 1227, 	
137228	0.3333	Body	309, 324, 1021, 1079, 1093, 1120, 1126, 1135, 1141, 1146, 1150, 1178, 1184, 1237, 1449, 1471, 1530, 	
137223	0.0769	Body	91, 	
137237	0.0918	Body	427, 461, 627, 815, 1458, 1471, 1564, 1693, 1705, 	
137240	0.6364	Abstract	12, 35, 127, 134, 	Title	0, 	Body	4, 78, 99, 158, 189, 290, 299, 418, 480, 560, 570, 578, 589, 618, 634, 730, 742, 760, 785, 796, 807, 817, 830, 886, 961, 1050, 1178, 1236, 1259, 1294, 	
137228	0.0588	Body	1125, 1330, 1342, 	
137237	0.0102	Body	307, 	
137240	0.0182	Body	456, 	
137240	0.3273	Abstract	47, 100, 	Body	170, 264, 279, 291, 312, 318, 330, 337, 350, 354, 381, 869, 871, 889, 1024, 1059, 	
137240	0.0182	Body	377, 	
137240	0.0182	Body	412, 	
137223	0.0769	Body	160, 	
137240	0.0364	Body	449, 541, 	
137223	0.0769	Body	96, 	
137240	0.0545	Body	747, 772, 789, 	
137228	0.0196	Body	1113, 	
137228	0.0196	Body	1101, 	
137228	0.0196	Body	1445, 	
137237	0.0102	Body	1267, 	
137228	0.0196	Body	504, 	
137237	0.0102	Body	32, 	
137240	0.0182	Body	348, 	
137228	0.0196	Body	970, 	
137240	0.0182	Body	256, 	
137240	0.0182	Body	1209, 	
137240	0.0364	Body	343, 906, 	
137240	0.0182	Body	1188, 	
137240	0.0545	Body	75, 898, 1033, 	
137228	0.0196	Body	1494, 	
137228	0.0588	Body	84, 97, 1232, 	
137240	0.0182	Body	1122, 	
137237	0.0204	Body	1703, 1738, 	
137228	0.0392	Body	1103, 1109, 	
137237	0.0102	Body	449, 	
137228	0.0784	Body	933, 1152, 1360, 1439, 	
137223	0.5385	Body	94, 108, 137, 171, 201, 303, 340, 	
137237	0.0510	Abstract	70, 	Body	205, 488, 1391, 1711, 	
137240	0.0727	Abstract	74, 115, 	Body	748, 1088, 	
137237	0.0102	Body	413, 	
137237	0.0102	Body	308, 	
137223	0.0769	Body	81, 	
137228	0.0392	Journal	1, 	Body	1636, 	
137223	0.2308	Journal	1, 	Body	16, 192, 	
137237	0.0816	Abstract	44, 181, 	Journal	1, 	Body	9, 24, 137, 1301, 1323, 	
137240	0.0182	Journal	1, 	
137237	0.0102	Abstract	158, 	
137240	0.0182	Body	462, 	
137240	0.0545	Abstract	4, 	Body	90, 893, 	
137237	0.0510	Abstract	177, 	Body	1597, 1610, 1622, 1909, 	
137228	0.0588	Body	1098, 1155, 1558, 	
137223	0.0769	Body	189, 	
137237	0.1224	Abstract	93, 	Body	36, 211, 254, 487, 490, 522, 546, 642, 1050, 1668, 1767, 	
137237	0.0102	Body	346, 	
137237	0.0102	Abstract	138, 	
137237	0.0102	Abstract	83, 	
137223	0.0769	Body	12, 	
137223	0.0769	Body	325, 	
137223	0.6154	Body	11, 198, 249, 274, 306, 312, 332, 350, 	
137228	0.0196	Body	1690, 	
137228	0.0588	Body	732, 854, 890, 	
137237	0.0306	Body	170, 1720, 1745, 	
137240	0.0182	Body	181, 	
137237	0.0102	Body	1824, 	
137228	0.0392	Body	327, 1519, 	
137240	0.3091	Body	79, 110, 371, 419, 561, 590, 635, 786, 797, 831, 883, 918, 1106, 1109, 1212, 1221, 1251, 	
137228	0.0196	Body	1295, 	
137228	0.0392	Publisher	1, 	Body	1687, 	
137223	0.0769	Publisher	1, 	
137237	0.0102	Publisher	1, 	
137240	0.0182	Publisher	1, 	
137228	0.0196	Body	335, 	
137228	0.0392	Body	1153, 1173, 	
137228	0.0196	Body	263, 	
137237	0.1633	Abstract	61, 72, 134, 	Body	460, 512, 528, 811, 822, 1047, 1054, 1109, 1144, 1174, 1194, 1444, 1854, 	
137240	0.0182	Body	295, 	
137228	0.0392	Body	372, 1287, 	
137240	0.0182	Body	116, 	
137240	0.0545	Abstract	23, 	Body	146, 206, 	
137228	0.1176	Abstract	44, 	Body	341, 343, 367, 461, 1727, 	
137237	0.0408	Body	493, 599, 1107, 1790, 	
137240	0.0364	Abstract	91, 	Body	219, 	
137237	0.0306	Body	330, 339, 902, 	
137240	0.0182	Body	492, 	
137237	0.0102	Body	1777, 	
137237	0.0204	Abstract	118, 	Body	856, 	
137237	0.0102	Body	341, 	
137223	0.0769	Body	311, 	
137228	0.3922	Abstract	36, 39, 	Body	148, 174, 204, 221, 446, 456, 490, 705, 754, 1371, 1573, 1589, 1638, 1731, 1742, 1753, 1769, 1774, 	
137223	0.1538	Body	258, 348, 	
137237	0.0102	Body	1516, 	
137240	0.2727	Abstract	31, 63, 	Title	4, 	Body	5, 12, 32, 154, 283, 363, 406, 436, 501, 691, 847, 1272, 	
137223	0.0769	Body	207, 	
137228	0.0392	Body	1487, 1655, 	
137237	0.0204	Abstract	168, 	Body	442, 	
137240	0.0182	Body	1234, 	
137228	0.0196	Body	78, 	
137228	0.0196	Body	74, 	
137228	0.0980	Body	90, 1257, 1601, 1623, 1648, 	
137237	0.0204	Body	847, 1036, 	
137228	0.0392	Body	1580, 1641, 	
137240	0.0182	Body	442, 	
137223	0.3846	Body	44, 52, 76, 101, 135, 	
137240	0.0364	Body	1171, 1262, 	
137240	0.0182	Body	457, 	
137237	0.0102	Body	980, 	
137237	0.0204	Body	435, 561, 	
137240	0.0182	Body	1174, 	
137223	0.0769	Body	215, 	
137228	0.0196	Body	226, 	
137228	0.0392	Body	1559, 1567, 	
137237	0.0102	Body	1296, 	
137228	0.0196	Body	227, 	
137240	0.0182	Body	833, 	
137228	0.0196	Body	345, 	
137228	0.0196	Abstract	16, 	
137223	0.0769	Body	17, 	
137237	0.0204	Body	878, 1309, 	
137228	0.0392	Abstract	3, 	Body	215, 	
137223	0.0769	Body	112, 	
137237	0.0408	Body	228, 760, 799, 1470, 	
137240	0.0727	Body	587, 879, 975, 1218, 	
137240	0.0182	Body	932, 	
137228	0.0196	Body	54, 	
137240	0.0182	Body	632, 	
137237	0.0102	Body	19, 	
137240	0.0727	Body	711, 825, 903, 934, 	
137237	0.0102	Body	1537, 	
137223	0.1538	Body	62, 125, 	
137237	0.2041	Abstract	32, 130, 	Body	124, 214, 242, 290, 345, 362, 383, 403, 480, 506, 770, 894, 1273, 1281, 1571, 1643, 1717, 1741, 	
137240	0.0182	Body	415, 	
137228	0.0392	Body	320, 804, 	
137228	0.0196	Abstract	15, 	
137237	0.0102	Body	1789, 	
137228	0.0392	Body	467, 473, 	
137237	0.0510	Body	1097, 1104, 1117, 1155, 1800, 	
137228	0.1373	Body	251, 301, 1066, 1095, 1193, 1199, 1268, 	
137228	0.0196	Body	1389, 	
137240	0.0182	Body	1235, 	
137228	0.0392	Abstract	41, 	Body	1722, 	
137237	0.0204	Abstract	142, 	Body	1844, 	
137240	0.0182	Body	1252, 	
137228	0.0196	Body	458, 	
137237	0.0306	Body	746, 1336, 1535, 	
137228	0.0196	Body	72, 	
137240	0.0182	Body	854, 	
137240	0.0182	Body	556, 	
137228	0.0196	Body	857, 	
137228	0.0196	Body	382, 	
137237	0.0102	Body	1401, 	
137240	0.0182	Body	380, 	
137237	0.0102	Body	12, 	
137237	0.0306	Body	804, 1038, 1193, 	
137223	0.1538	Body	246, 284, 	
137237	0.0102	Body	1295, 	
137237	0.0204	Body	1101, 1173, 	
137240	0.0182	Body	564, 	
137228	0.0196	Body	1481, 	
137223	0.0769	Body	220, 	
137237	0.0612	Abstract	52, 201, 	Body	146, 742, 1604, 1928, 	
137240	0.0182	Body	1138, 	
137228	0.0196	Body	936, 	
137223	0.1538	Body	13, 80, 	
137237	0.0102	Body	1533, 	
137228	0.0196	Body	1540, 	
137240	0.0364	Body	34, 838, 	
137228	0.0196	Body	312, 	
137237	0.0204	Abstract	176, 	Body	1908, 	
137223	0.0769	Body	187, 	
137240	0.0182	Body	956, 	
137240	0.0182	Body	306, 	
137228	0.1373	Body	136, 300, 555, 997, 1186, 1468, 1477, 	
137228	0.0588	Body	160, 190, 907, 	
137223	0.0769	Body	317, 	
137237	0.0204	Body	1687, 1704, 	
137228	0.0392	Body	651, 838, 	
137237	0.0102	Body	837, 	
137240	0.0182	Body	966, 	
137240	0.0182	Body	665, 	
137223	0.1538	Body	66, 115, 	
137237	0.0510	Abstract	169, 	Body	33, 1285, 1503, 1637, 	
137240	0.0364	Body	660, 803, 	
137223	0.0769	Body	211, 	
137237	0.0102	Body	795, 	
137228	0.0392	Body	476, 698, 	
137237	0.0102	Body	1806, 	
137223	0.0769	Body	70, 	
137223	0.0769	Body	93, 	
137228	0.0196	Body	1778, 	
137223	0.0769	Body	29, 	
137237	0.0102	Body	1308, 	
137240	0.0545	Body	347, 359, 534, 	
137240	0.0545	Abstract	90, 	Body	218, 261, 	
137228	0.1569	Body	1017, 1136, 1156, 1227, 1243, 1348, 1447, 1538, 	
137237	0.0102	Body	906, 	
137228	0.0196	Body	578, 	
137237	0.0102	Body	1723, 	
137228	0.1569	Body	459, 673, 724, 771, 1221, 1345, 1600, 1653, 	
137237	0.0102	Body	358, 	
137237	0.0102	Body	1257, 	
137240	0.0182	Body	269, 	
137237	0.0510	Abstract	19, 	Body	102, 1034, 1268, 1659, 	
137240	0.0182	Body	317, 	
137228	0.0196	Body	488, 	
137223	0.0769	Body	53, 	
137237	0.0102	Body	116, 	
137228	0.0196	Body	985, 	
137237	0.0102	Body	59, 	
137240	0.0182	Body	372, 	
137223	0.0769	Body	276, 	
137237	0.0204	Body	1205, 1241, 	
137228	0.0784	Journal	0, 	Body	453, 942, 1317, 	
137223	0.0769	Journal	0, 	
137237	0.2245	Abstract	6, 43, 157, 	Title	4, 	Journal	0, 	Body	4, 66, 86, 130, 136, 687, 787, 900, 1120, 1157, 1188, 1291, 1300, 1322, 1380, 1629, 1848, 	
137240	0.0545	Abstract	76, 	Journal	0, 	Body	704, 	
137237	0.0102	Abstract	39, 	
137240	0.1091	Abstract	52, 	Body	211, 248, 447, 520, 528, 	
137240	0.0545	Abstract	14, 	Body	101, 1149, 	
137228	0.0392	Body	240, 1356, 	
137223	0.0769	Body	72, 	
137240	0.0182	Body	1263, 	
137228	0.0980	Body	475, 498, 502, 528, 1308, 	
137228	0.0196	Body	509, 	
137228	0.0196	Body	386, 	
137228	0.0196	Body	1340, 	
137237	0.0204	Abstract	3, 	Body	82, 	
137228	0.0196	Body	1428, 	
137240	0.0182	Body	582, 	
137228	0.0196	Body	841, 	
137228	0.0196	Body	1361, 	
137240	0.0909	Body	733, 800, 809, 820, 1041, 	
137228	0.0196	Body	837, 	
137237	0.0102	Body	194, 	
137228	0.0784	Body	306, 1072, 1390, 1617, 	
137237	0.0102	Body	667, 	
137240	0.0364	Abstract	119, 	Body	1092, 	
137228	0.0392	Body	613, 896, 	
137240	0.3636	Abstract	54, 83, 95, 	Body	213, 530, 535, 547, 565, 572, 591, 608, 668, 681, 718, 724, 756, 781, 790, 814, 868, 	
137240	0.0182	Body	823, 	
137237	0.0102	Abstract	79, 	
137228	0.0196	Body	1426, 	
137228	0.0392	Body	1743, 1775, 	
137237	0.0102	Body	1200, 	
137237	0.0102	Body	697, 	
137240	0.0727	Body	645, 958, 960, 982, 	
137237	0.0102	Body	347, 	
137237	0.0102	Body	1393, 	
137228	0.0196	Body	487, 	
137223	0.0769	Body	277, 	
137237	0.0102	Body	293, 	
137228	0.0196	Body	317, 	
137237	0.0102	Body	1134, 	
137223	0.0769	Body	291, 	
137240	0.0364	Body	954, 1103, 	
137228	0.0196	Body	1781, 	
137223	0.1538	Body	30, 239, 	
137237	0.0102	Body	1523, 	
137228	0.2941	Body	322, 394, 399, 429, 478, 495, 507, 512, 636, 860, 1002, 1022, 1029, 1238, 1529, 	
137228	0.0196	Body	529, 	
137237	0.0204	Body	52, 55, 	
137240	0.0364	Body	1144, 1155, 	
137228	0.0588	Body	264, 417, 603, 	
137240	0.0182	Body	658, 	
137228	0.0196	Body	1195, 	
137240	0.0545	Abstract	43, 	Body	166, 314, 	
137223	0.0769	Body	89, 	
137228	0.0588	Body	31, 103, 350, 	
137237	0.0102	Body	288, 	
137240	0.0182	Body	399, 	
137228	0.0196	Body	1284, 	
137237	0.0306	Body	579, 987, 1021, 	
137240	0.0182	Body	1076, 	
137228	0.2157	Abstract	50, 	Body	149, 170, 346, 530, 596, 620, 953, 967, 1281, 1702, 	
137237	0.0102	Body	1792, 	
137240	0.0182	Body	297, 	
137237	0.0714	Abstract	88, 	Body	244, 714, 929, 1031, 1168, 1457, 	
137228	0.0980	Body	480, 776, 1069, 1429, 1604, 	
137223	0.0769	Body	146, 	
137240	0.0364	Body	754, 769, 	
137237	0.0204	Body	180, 1004, 	
137240	0.0182	Body	1180, 	
137228	0.1373	Body	114, 187, 586, 873, 886, 908, 913, 	
137223	0.0769	Body	223, 	
137237	0.0204	Body	893, 953, 	
137240	0.2182	Abstract	2, 22, 42, 94, 	Body	88, 143, 165, 234, 502, 867, 1095, 1238, 	
137228	0.0392	Body	968, 1560, 	
137223	0.1538	Body	87, 141, 	
137237	0.0510	Body	1448, 1618, 1664, 1679, 1735, 	
137240	0.0182	Body	1031, 	
137237	0.0102	Body	965, 	
137237	0.1633	Body	28, 105, 238, 351, 354, 458, 614, 777, 806, 995, 1040, 1059, 1078, 1184, 1773, 1921, 	
137237	0.0102	Abstract	194, 	
137237	0.0102	Abstract	22, 	
137237	0.0102	Abstract	132, 	
137240	0.0545	Abstract	51, 	Body	210, 527, 	
137240	0.0182	Body	478, 	
137228	0.1373	Body	522, 803, 879, 1018, 1229, 1234, 1413, 	
137237	0.0204	Body	294, 868, 	
137228	0.0196	Body	337, 	
137237	0.0102	Body	1278, 	
137240	0.0182	Body	296, 	
137228	0.0196	Body	937, 	
137228	0.0196	Body	1400, 	
137237	0.0102	Body	1807, 	
137228	0.0980	Abstract	13, 	Body	1374, 1380, 1397, 1674, 	
137240	0.0364	Body	122, 133, 	
137240	0.0182	Body	114, 	
137237	0.0102	Body	450, 	
137228	0.0196	Body	563, 	
137237	0.0102	Body	1192, 	
137228	0.0588	Body	158, 999, 1031, 	
137237	0.0510	Body	65, 311, 555, 568, 571, 	
137228	0.0196	Body	593, 	
137240	0.0182	Body	106, 	
137237	0.0102	Body	1436, 	
137228	0.0196	Body	14, 	
137237	0.0204	Body	206, 967, 	
137240	0.0182	Body	64, 	
137237	0.0102	Body	167, 	
137228	0.0196	Body	425, 	
137228	0.0588	Body	503, 1081, 1140, 	
137240	0.0364	Body	121, 581, 	
137228	0.0392	Body	733, 833, 	
137228	0.0196	Body	824, 	
137228	0.0196	Body	829, 	
137237	0.0102	Body	1545, 	
137228	0.1176	Body	351, 483, 960, 1087, 1293, 1411, 	
137237	0.0408	Abstract	166, 	Body	300, 831, 1748, 	
137237	0.0102	Body	1731, 	
137237	0.0102	Body	1348, 	
137240	0.0364	Body	1052, 1067, 	
137240	0.0364	Body	193, 885, 	
137228	0.0196	Body	1664, 	
137223	0.2308	Body	86, 309, 344, 	
137240	0.0727	Abstract	56, 	Body	657, 683, 777, 	
137228	0.0196	Body	1672, 	
137223	0.1538	Body	7, 208, 	
137228	0.0196	Body	1698, 	
137228	0.0196	Body	11, 	
137240	0.0182	Body	45, 	
137237	0.0102	Body	169, 	
137237	0.0306	Body	305, 566, 1411, 	
137228	0.0196	Body	730, 	
137237	0.0102	Body	1742, 	
137240	0.0364	Body	24, 126, 	
137237	0.0510	Abstract	113, 	Body	186, 922, 972, 1019, 	
137240	0.0182	Body	978, 	
137228	0.0392	Body	1405, 1462, 	
137228	0.0196	Body	1355, 	
137240	0.0182	Body	1045, 	
137228	0.0196	Body	234, 	
137223	0.0769	Body	169, 	
137237	0.0204	Body	197, 226, 	
137240	0.0909	Abstract	0, 	Body	41, 86, 640, 1270, 	
137228	0.0196	Body	1592, 	
137240	0.0182	Body	1120, 	
137237	0.0204	Body	1286, 1616, 	
137240	0.0182	Body	659, 	
137228	0.4902	Abstract	8, 52, 	Body	106, 153, 163, 172, 180, 290, 321, 323, 348, 363, 408, 422, 484, 806, 821, 826, 872, 887, 889, 894, 915, 1747, 1763, 	
137228	0.0392	Body	694, 1548, 	
137228	0.0588	Body	642, 766, 1161, 	
137223	0.0769	Body	82, 	
137237	0.1939	Abstract	55, 146, 	Body	97, 157, 159, 183, 266, 298, 393, 415, 619, 675, 682, 782, 955, 1005, 1441, 1781, 1846, 	
137240	0.3818	Abstract	84, 145, 	Body	284, 375, 411, 609, 630, 667, 727, 791, 880, 926, 1101, 1115, 1132, 1152, 1181, 1258, 1260, 1278, 1305, 	
137223	0.2308	Body	8, 248, 318, 	
137240	0.0182	Body	755, 	
137237	0.0510	Body	101, 1033, 1093, 1218, 1864, 	
137228	0.0196	Body	186, 	
137228	0.0196	Body	1503, 	
137228	0.0196	Body	1323, 	
137223	0.0769	Body	31, 	
137240	0.0182	Body	738, 	
137228	0.0784	Body	1320, 1329, 1339, 1363, 	
137237	0.0306	Body	499, 502, 553, 	
137237	0.0102	Body	1688, 	
137228	0.0196	Body	575, 	
137228	0.0392	Body	239, 250, 	
137240	0.0364	Body	327, 728, 	
137228	0.0196	Body	550, 	
137237	0.0306	Body	37, 208, 1399, 	
137240	0.0545	Body	1139, 1143, 1154, 	
137228	0.0588	Body	285, 946, 966, 	
137223	0.0769	Body	315, 	
137237	0.0102	Body	1376, 	
137228	0.0196	Body	614, 	
137240	0.0182	Body	400, 	
137240	0.0545	Body	293, 320, 332, 	
137228	0.0196	Body	939, 	
137237	0.0204	Body	200, 1538, 	
137228	0.0196	Body	1716, 	
137237	0.0204	Abstract	105, 	Body	1013, 	
137237	0.0102	Body	1820, 	
137240	0.0182	Body	674, 	
137237	0.0102	Body	602, 	
137228	0.0196	Body	1766, 	
137228	0.0392	Body	590, 595, 	
137240	0.0727	Abstract	49, 	Body	172, 392, 440, 	
137237	0.0102	Body	153, 	
137240	0.0182	Body	1208, 	
137240	0.0182	Body	768, 	
137228	0.0196	Body	278, 	
137237	0.0102	Body	34, 	
137240	0.0182	Body	383, 	
137240	0.0182	Body	494, 	
137228	0.0196	Body	1511, 	
137228	0.0392	Body	36, 102, 	
137228	0.0392	Body	1053, 1124, 	
137228	0.0392	Body	1568, 1593, 	
137237	0.2551	Abstract	85, 153, 161, 	Title	0, 	Body	42, 69, 78, 120, 171, 177, 550, 596, 931, 1313, 1388, 1396, 1586, 1598, 1625, 1645, 1651, 1721, 1725, 1881, 1904, 	
137237	0.0408	Body	584, 1280, 1729, 1871, 	
137228	0.0196	Body	1482, 	
137237	0.0102	Body	1780, 	
137228	0.0196	Body	1554, 	
137240	0.0182	Body	441, 	
137237	0.0102	Body	1346, 	
137237	0.0102	Body	1415, 	
137228	0.0196	Body	463, 	
137240	0.0182	Body	950, 	
137228	0.2157	Body	293, 297, 360, 510, 552, 675, 678, 1000, 1246, 1251, 1619, 	
137223	0.0769	Body	216, 	
137237	0.0102	Body	1259, 	
137228	0.0392	Body	357, 437, 	
137228	0.1373	Body	1420, 1479, 1486, 1510, 1539, 1602, 1658, 	
137240	0.0182	Body	365, 	
137228	0.0784	Body	208, 288, 353, 920, 	
137237	0.0408	Abstract	120, 	Body	352, 1041, 1163, 	
137240	0.0182	Body	6, 	
137237	0.0102	Body	858, 	
137240	0.0182	Body	245, 	
137237	0.0102	Body	711, 	
137240	0.0182	Body	1063, 	
137237	0.0714	Body	64, 336, 441, 846, 1353, 1642, 1873, 	
137240	0.0182	Body	849, 	
137228	0.0196	Body	1370, 	
137223	0.1538	Body	256, 286, 	
137240	0.0364	Body	1042, 1070, 	
137228	0.6078	Body	27, 123, 150, 207, 274, 294, 333, 376, 396, 415, 440, 460, 534, 657, 979, 1206, 1218, 1222, 1247, 1347, 1376, 1452, 1480, 1489, 1500, 1512, 1542, 1605, 1670, 1726, 1738, 	
137228	0.0196	Body	66, 	
137228	0.0196	Body	55, 	
137228	0.0196	Body	253, 	
137237	0.0102	Body	287, 	
137228	0.0196	Body	796, 	
137237	0.0306	Body	1091, 1119, 1142, 	
137228	0.0196	Body	770, 	
137240	0.0364	Body	596, 628, 	
137223	0.0769	Body	264, 	
137240	0.0182	Body	860, 	
137237	0.0408	Body	695, 1025, 1170, 1443, 	
137237	0.0102	Body	147, 	
137240	0.0364	Body	129, 474, 	
137240	0.0182	Body	1170, 	
137237	0.0102	Body	1485, 	
137228	0.0196	Body	1707, 	
137228	0.0196	Body	874, 	
137228	0.0588	Abstract	31, 	Body	928, 1290, 	
137240	0.0182	Body	1148, 	
137237	0.0204	Body	1063, 1464, 	
137228	0.0784	Body	206, 508, 535, 1572, 	
137228	0.0196	Body	541, 	
137228	0.0196	Body	1274, 	
137223	0.0769	Body	231, 	
137240	0.0909	Abstract	103, 	Body	192, 523, 592, 874, 	
137237	0.0102	Body	1894, 	
137228	0.0588	Body	564, 747, 951, 	
137228	0.0196	Body	339, 	
137240	0.0545	Body	921, 968, 995, 	
137228	0.0196	Body	51, 	
137228	0.2157	Body	24, 303, 1197, 1279, 1417, 1466, 1475, 1525, 1532, 1551, 1694, 	
137240	0.0364	Body	1016, 1064, 	
137228	0.0196	Body	1313, 	
137223	0.0769	Body	260, 	
137228	0.0196	Body	1557, 	
137237	0.0612	Abstract	14, 125, 	Body	99, 884, 1277, 1868, 	
137228	0.0196	Body	20, 	
137228	0.0196	Body	823, 	
137237	0.0204	Body	559, 1542, 	
137240	0.0545	Abstract	140, 	Body	1162, 1300, 	
137237	0.0204	Body	1233, 1615, 	
137237	0.0306	Body	425, 517, 716, 	
137237	0.0102	Body	874, 	
137228	0.0196	Body	366, 	
137223	0.0769	Body	285, 	
137223	0.0769	Body	37, 	
137240	0.0364	Body	482, 495, 	
137237	0.0102	Body	1827, 	
137228	0.0784	Body	567, 573, 606, 749, 	
137237	0.0102	Body	1713, 	
137237	0.0102	Body	1825, 	
137228	0.0196	Body	42, 	
137228	0.0392	Body	354, 492, 	
137237	0.0510	Body	473, 794, 838, 934, 1507, 	
137240	0.0182	Body	397, 	
137228	0.0392	Body	119, 133, 	
137228	0.0784	Body	45, 63, 1328, 1409, 	
137240	0.0182	Body	962, 	
137228	0.0588	Body	32, 52, 111, 	
137237	0.0204	Body	306, 1413, 	
137228	0.0196	Body	33, 	
137240	0.0364	Abstract	142, 	Body	1302, 	
137237	0.0510	Body	1084, 1127, 1167, 1225, 1254, 	
137228	0.0196	Body	217, 	
137237	0.0102	Body	1879, 	
137237	0.0204	Body	1080, 1229, 	
137237	0.0102	Body	1519, 	
137237	0.0102	Body	943, 	
137228	0.0196	Body	577, 	
137237	0.0102	Body	1297, 	
137240	0.0182	Body	538, 	
137228	0.0196	Body	104, 	
137240	0.0182	Body	1169, 	
137228	0.0196	Abstract	38, 	
137228	0.0196	Abstract	49, 	
137237	0.0816	Abstract	96, 126, 	Body	269, 357, 380, 532, 869, 951, 	
137240	0.0182	Body	539, 	
137240	0.0182	Body	14, 	
137228	0.0784	Body	402, 1009, 1531, 1550, 	
137237	0.0204	Body	702, 720, 	
137223	0.0769	Body	35, 	
137228	0.0196	Body	1399, 	
137228	0.0196	Body	607, 	
137237	0.0204	Body	343, 959, 	
137237	0.0204	Body	574, 1851, 	
137240	0.0182	Body	648, 	
137240	0.0364	Body	569, 577, 	
137240	0.0182	Body	884, 	
137223	0.0769	Body	275, 	
137223	0.0769	Body	0, 	
137240	0.0182	Body	540, 	
137228	0.0196	Body	625, 	
137237	0.0510	Abstract	90, 164, 	Body	684, 1007, 1722, 	
137228	0.0196	Body	1446, 	
137240	0.0182	Body	500, 	
137237	0.0408	Body	109, 173, 917, 1662, 	
137240	0.0909	Abstract	129, 	Body	117, 285, 1166, 1289, 	
137240	0.0364	Body	1094, 1225, 	
137228	0.0196	Body	1117, 	
137237	0.0816	Body	694, 1024, 1169, 1407, 1442, 1472, 1565, 1602, 	
137228	0.0196	Body	969, 	
137237	0.0102	Body	1459, 	
137228	0.0196	Body	6, 	
137237	0.0102	Body	1821, 	
137228	0.0196	Body	1359, 	
137237	0.0102	Body	73, 	
137228	0.0784	Body	225, 331, 634, 807, 	
137223	0.1538	Body	152, 244, 	
137240	0.0364	Body	59, 506, 	
137240	0.0545	Abstract	48, 	Body	171, 439, 	
137237	0.0102	Body	154, 	
137228	0.0196	Body	1588, 	
137237	0.0102	Body	1467, 	
137237	0.0102	Body	979, 	
137240	0.0364	Abstract	137, 	Body	1297, 	
137240	0.0364	Body	237, 352, 	
137240	0.0182	Body	448, 	
137228	0.0392	Abstract	25, 	Body	976, 	
137228	0.0196	Body	679, 	
137228	0.0392	Body	672, 723, 	
137237	0.0306	Abstract	139, 	Body	1236, 1863, 	
137228	0.2157	Abstract	24, 	Body	211, 515, 680, 725, 775, 1225, 1250, 1346, 1603, 1659, 	
137228	0.0196	Body	410, 	
137228	0.0392	Body	401, 1549, 	
137240	0.0182	Body	196, 	
137228	0.0392	Body	1404, 1461, 	
137228	0.0196	Abstract	60, 	
137223	0.3077	Body	67, 78, 104, 282, 	
137237	0.0816	Abstract	184, 	Body	246, 607, 863, 1358, 1511, 1522, 1647, 	
137240	0.0727	Body	804, 863, 952, 997, 	
137223	0.0769	Body	236, 	
137237	0.0408	Abstract	27, 	Body	111, 1289, 1884, 	
137237	0.0102	Abstract	149, 	
137228	0.0196	Body	1039, 	
137240	0.0909	Body	37, 943, 1018, 1054, 1066, 	
137240	0.0909	Body	905, 939, 1017, 1038, 1053, 	
137237	0.0102	Body	243, 	
137240	0.0545	Body	895, 1068, 1306, 	
137240	1.0000	Title	2, 	Body	36, 42, 55, 60, 85, 93, 108, 118, 149, 152, 163, 173, 177, 198, 208, 212, 239, 250, 258, 265, 273, 278, 280, 313, 338, 351, 355, 382, 401, 434, 445, 508, 513, 521, 526, 529, 543, 553, 870, 873, 890, 1025, 1060, 1098, 1110, 1141, 1150, 1167, 1186, 1200, 1214, 1243, 1256, 1279, 	
137240	0.0364	Body	232, 891, 	
137240	0.0364	Body	10, 18, 	
137240	0.0182	Body	844, 	
137240	0.0727	Body	25, 606, 1086, 1266, 	
137237	0.0102	Body	1858, 	
137228	0.0196	Body	1043, 	
137228	0.0196	Body	1684, 	
137237	0.0204	Body	43, 1853, 	
137237	0.0204	Abstract	31, 	Body	1768, 	
137228	0.0196	Body	388, 	
137240	0.1091	Body	894, 914, 927, 972, 990, 996, 	
137237	0.0306	Body	610, 946, 1106, 	
137240	0.0182	Body	490, 	
137237	0.0204	Abstract	119, 	Body	857, 	
137240	0.0364	Abstract	89, 	Body	217, 	
137228	0.0196	Body	822, 	
137237	0.0204	Abstract	62, 	Body	812, 	
137240	0.0182	Body	646, 	
137228	0.0196	Body	1524, 	
137240	0.0364	Body	223, 550, 	
137228	0.0196	Body	1401, 	
137228	0.0196	Body	975, 	
137237	0.0102	Body	888, 	
137240	0.0364	Body	214, 531, 	
137228	0.0392	Body	1183, 1233, 	
137240	0.0182	Body	1245, 	
137240	0.0182	Abstract	146, 	
137228	0.0196	Body	1121, 	
137240	0.1455	Abstract	7, 26, 29, 40, 50, 53, 102, 121, 	
137240	0.0182	Body	251, 	
137240	0.0182	Body	356, 	
137240	0.0182	Abstract	113, 	
137240	0.0182	Body	253, 	
137240	0.0364	Body	468, 1044, 	
137240	0.0182	Body	316, 	
137240	0.0364	Body	933, 986, 	
137240	0.0182	Body	976, 	
137228	0.0392	Body	808, 817, 	
137223	0.0769	Body	221, 	
137237	0.0612	Abstract	97, 	Body	316, 891, 1197, 1234, 1874, 	
137240	0.0364	Body	427, 741, 	
137237	0.0102	Body	1727, 	
137240	0.0545	Body	483, 911, 973, 	
137237	0.0204	Body	333, 1092, 	
137228	0.0196	Body	1255, 	
137223	0.1538	Body	56, 179, 	
137223	0.0769	Body	20, 	
137223	0.3846	Title	1, 	Body	150, 175, 278, 326, 	
137237	0.0102	Body	204, 	
137240	0.0182	Body	739, 	
137228	0.0196	Body	210, 	
137240	0.0182	Body	1073, 	
137228	0.0196	Body	178, 	
137237	0.0102	Body	1611, 	
137223	0.0769	Body	322, 	
137240	0.0182	Body	922, 	
137223	0.1538	Body	59, 123, 	
137237	0.0408	Abstract	25, 	Body	56, 108, 192, 	
137228	0.0196	Body	500, 	
137223	0.0769	Body	194, 	
137237	0.0102	Body	295, 	
137240	0.0364	Abstract	87, 	Body	571, 	
137228	0.0196	Body	1163, 	
137240	0.2182	Abstract	46, 	Body	169, 176, 231, 272, 277, 298, 311, 362, 416, 444, 558, 	
137228	0.0196	Body	930, 	
137237	0.0204	Body	839, 1064, 	
137228	0.0196	Body	71, 	
137228	0.0196	Body	559, 	
137228	0.0196	Body	82, 	
137240	0.0182	Body	1029, 	
137240	0.0182	Body	845, 	
137237	0.0102	Abstract	75, 	
137237	0.0204	Abstract	66, 	Body	251, 	
137240	0.0182	Body	839, 	
137237	0.0306	Body	447, 1499, 1529, 	
137237	0.0102	Abstract	74, 	
137228	0.0196	Body	1062, 	
137240	0.0182	Body	1288, 	
137237	0.0510	Abstract	65, 	Body	216, 250, 424, 625, 	
137240	0.0545	Abstract	150, 	Body	1190, 1310, 	
137237	0.0102	Body	809, 	
137237	0.0204	Body	446, 1534, 	
137240	0.0182	Body	1164, 	
137237	0.0102	Abstract	77, 	
137237	0.0102	Body	631, 	
137237	0.2041	Body	11, 70, 179, 223, 234, 237, 438, 672, 744, 755, 850, 974, 1445, 1600, 1776, 1803, 1810, 1841, 1912, 1927, 	
137228	0.0392	Body	192, 203, 	
137228	0.0196	Body	329, 	
137237	0.0306	Body	1082, 1086, 1228, 	
137228	0.0392	Body	493, 802, 	
137223	0.1538	Body	252, 301, 	
137237	0.0306	Body	889, 1279, 1869, 	
137228	0.0392	Body	1070, 1107, 	
137228	0.0196	Body	1556, 	
137237	0.0306	Body	859, 978, 1017, 	
137240	0.0364	Abstract	107, 	Body	1081, 	
137240	0.0545	Abstract	109, 	Body	361, 1082, 	
137237	0.0102	Abstract	121, 	
137228	0.0588	Body	454, 943, 1318, 	
137237	0.1939	Abstract	7, 	Title	5, 	Body	5, 67, 87, 131, 688, 765, 788, 853, 901, 976, 1121, 1158, 1189, 1292, 1381, 1630, 1849, 	
137240	0.0364	Abstract	77, 	Body	705, 	
137240	0.0727	Abstract	92, 	Body	220, 246, 263, 	
137237	0.0102	Body	1667, 	
137228	0.4902	Abstract	11, 	Body	223, 228, 241, 273, 282, 548, 637, 654, 691, 703, 751, 782, 801, 847, 906, 984, 989, 1074, 1080, 1096, 1138, 1196, 1289, 1310, 	
137228	0.0196	Body	1119, 	
137237	0.0102	Abstract	167, 	
137240	0.0182	Body	183, 	
137228	0.0196	Body	144, 	
137240	0.0182	Body	49, 	
137228	0.0392	Body	1321, 1334, 	
137223	0.0769	Body	345, 	
137228	0.0588	Abstract	33, 	Body	940, 1679, 	
137237	0.0102	Body	1621, 	
137228	0.0196	Body	917, 	
137223	0.1538	Body	21, 144, 	
137237	0.0306	Abstract	172, 	Body	657, 1750, 	
137240	0.0364	Abstract	124, 	Body	1282, 	
137228	0.0196	Body	1285, 	
137223	0.0769	Body	296, 	
137237	0.0204	Body	1584, 1656, 	
137240	0.0545	Body	33, 497, 998, 	
137240	0.0182	Body	54, 	
137228	0.1569	Abstract	1, 	Body	12, 902, 1097, 1154, 1421, 1578, 1691, 	
137223	0.3077	Body	243, 281, 299, 333, 	
137237	0.2755	Abstract	81, 155, 	Body	35, 255, 366, 397, 423, 496, 525, 534, 606, 676, 691, 748, 836, 896, 1035, 1113, 1216, 1287, 1360, 1518, 1548, 1700, 1736, 1766, 1897, 	
137240	0.2364	Abstract	18, 81, 	Body	322, 407, 603, 623, 710, 720, 763, 951, 965, 1006, 1269, 	
137228	0.0196	Body	1060, 	
137240	0.0182	Body	227, 	
137237	0.0306	Body	445, 1581, 1917, 	
137240	0.0727	Body	244, 254, 384, 455, 	
137237	0.0612	Abstract	11, 	Body	95, 264, 391, 479, 757, 	
137240	0.0182	Body	321, 	
137228	0.0588	Body	648, 931, 1239, 	
137223	0.2308	Body	156, 324, 342, 	
137237	0.1020	Abstract	178, 	Body	128, 331, 511, 594, 624, 640, 1094, 1389, 1910, 	
137240	0.0909	Body	46, 235, 1100, 1202, 1241, 	
137237	0.0102	Abstract	60, 	
137228	0.0784	Body	1023, 1244, 1730, 1750, 	
137228	0.1569	Body	375, 397, 414, 513, 519, 524, 533, 814, 	
137223	0.2308	Body	107, 289, 302, 	
137237	0.0612	Abstract	128, 	Body	60, 636, 644, 768, 1509, 	
137240	0.1091	Body	35, 642, 656, 970, 987, 993, 	
137237	0.0102	Abstract	67, 	
137237	0.0102	Body	1633, 	
137228	0.1961	Abstract	12, 	Body	1373, 1379, 1396, 1408, 1416, 1434, 1458, 1517, 1673, 	
137237	0.0510	Body	190, 349, 1009, 1235, 1862, 	
137240	0.0182	Body	1199, 	
137228	0.0196	Abstract	53, 	
137237	0.0102	Body	68, 	
137240	0.0182	Body	489, 	
137228	0.0392	Body	1403, 1460, 	
137240	0.0182	Body	552, 	
137228	0.0196	Body	199, 	
137240	0.0182	Body	1205, 	
137240	0.0182	Body	26, 	
137240	0.0364	Body	63, 286, 	
137228	0.0392	Body	355, 884, 	
137237	0.0102	Body	1822, 	
137228	0.0392	Body	430, 479, 	
137228	0.0196	Body	325, 	
137228	0.0588	Body	268, 739, 865, 	
137237	0.0102	Body	381, 	
137228	0.0784	Body	176, 231, 436, 1358, 	
137237	0.0612	Abstract	17, 48, 	Body	93, 142, 1209, 1245, 	
137223	0.1538	Body	83, 102, 	
137237	0.0408	Body	15, 567, 1423, 1619, 	
137240	0.0545	Body	487, 610, 971, 	
137228	0.0196	Body	1116, 	
137228	0.0196	Body	184, 	
137240	0.0182	Body	1240, 	
137228	0.0196	Body	1455, 	
137240	0.0364	Body	17, 29, 	
137228	0.0196	Body	16, 	
137237	0.0510	Abstract	108, 	Body	611, 947, 948, 1230, 	
137223	0.1538	Body	197, 331, 	
137237	0.0204	Body	703, 721, 	
137237	0.0204	Body	21, 168, 	
137228	0.0196	Body	1713, 	
137237	0.0102	Body	1632, 	
137223	0.0769	Body	310, 	
137237	0.0102	Body	647, 	
137240	0.0182	Body	1165, 	
137228	0.0196	Body	280, 	
137228	0.0392	Body	619, 1635, 	
137223	0.1538	Body	15, 191, 	
137237	0.0204	Abstract	180, 	Body	8, 	
137237	0.0102	Abstract	199, 	
137228	0.0196	Body	1546, 	
137237	0.0102	Body	1492, 	
137228	0.0392	Body	856, 869, 	
137237	0.0102	Body	1627, 	
137237	0.0102	Body	1691, 	
137228	0.0392	Body	370, 1570, 	
137228	0.0980	Body	85, 98, 105, 391, 893, 	
137228	0.0196	Body	108, 	
137228	0.0196	Body	183, 	
137223	0.0769	Body	5, 	
137237	0.1224	Abstract	24, 99, 	Body	107, 188, 302, 779, 919, 927, 1149, 1333, 1357, 1788, 	
137228	0.0196	Body	338, 	
137237	0.0102	Body	1135, 	
137237	0.0102	Body	314, 	
137237	0.0204	Body	637, 1709, 	
137237	0.0816	Abstract	147, 	Title	2, 	Body	84, 139, 143, 267, 685, 1635, 	
137237	0.0102	Abstract	5, 	
137223	0.1538	Body	85, 343, 	
137223	0.0769	Body	45, 	
137237	0.0102	Body	1828, 	
137228	0.0196	Body	1448, 	
137237	0.0102	Body	1793, 	
137228	0.0392	Body	809, 962, 	
137240	0.0545	Body	52, 124, 1232, 	
137228	0.0196	Body	1047, 	
137237	0.0408	Body	313, 563, 604, 1412, 	
137228	0.0196	Body	689, 	
137228	0.0196	Body	1555, 	
137240	0.0182	Body	56, 	
137228	0.0392	Abstract	0, 	Body	0, 	
137237	0.0204	Body	0, 1798, 	
137240	0.0182	Body	0, 	
137237	0.0204	Body	1344, 1400, 	
137228	0.0196	Body	1685, 	
137237	0.0102	Body	1147, 	
137223	0.0769	Body	234, 	
137237	0.0306	Body	474, 1211, 1466, 	
137240	0.1091	Abstract	61, 	Body	388, 391, 689, 925, 1216, 	
137228	0.0392	Body	416, 540, 	
137237	0.0204	Body	378, 1364, 	
137240	0.0545	Abstract	5, 	Body	91, 713, 	
137228	0.0588	Body	542, 925, 1301, 	
137228	0.0196	Body	574, 	
137237	0.0102	Body	790, 	
137240	0.0727	Body	161, 1286, 1298, 1303, 	
137240	0.0545	Abstract	38, 138, 143, 	
137228	0.0588	Body	1037, 1064, 1299, 	
137240	0.0364	Body	904, 938, 	
137228	0.0196	Body	447, 	
137240	0.0182	Body	69, 	
137228	0.0588	Body	141, 358, 927, 	
137223	0.0769	Body	321, 	
137237	0.0816	Abstract	173, 	Body	89, 656, 1249, 1317, 1334, 1341, 1375, 	
137240	0.0182	Body	105, 	
137240	0.0182	Body	843, 	
137240	0.0182	Body	387, 	
137237	0.0102	Body	1343, 	
137240	0.0182	Body	1117, 	
137228	0.0196	Body	389, 	
137240	0.0182	Body	1078, 	
137237	0.0102	Body	71, 	
137228	0.0196	Body	70, 	
137228	0.0784	Body	958, 1035, 1050, 1102, 	
137240	0.0182	Body	243, 	
137237	0.0204	Body	291, 1646, 	
137240	0.0364	Body	613, 941, 	
137240	0.0182	Body	1071, 	
137228	0.0196	Body	571, 	
137237	0.0102	Body	155, 	
137228	0.0196	Body	1699, 	
137223	0.0769	Body	268, 	
137237	0.0102	Body	1350, 	
137240	0.0182	Body	611, 	
137240	0.0182	Body	744, 	
137228	0.0196	Abstract	35, 	
137228	0.0196	Body	1431, 	
137237	0.0102	Body	1003, 	
137228	0.0588	Body	330, 883, 1498, 	
137223	0.1538	Body	257, 294, 	
137237	0.0204	Body	350, 554, 	
137240	0.0182	Body	111, 	
137237	0.0102	Body	47, 	
137223	0.0769	Body	120, 	
137237	0.0102	Body	1046, 	
137237	0.0102	Body	1137, 	
137237	0.0102	Body	985, 	
137237	0.0102	Body	299, 	
137240	0.0182	Body	276, 	
137228	0.0392	Body	443, 1166, 	
137237	0.0102	Body	1592, 	
137240	0.0182	Body	1224, 	
137228	0.0196	Body	390, 	
137237	0.0408	Body	315, 564, 605, 983, 	
137228	0.0392	Body	1263, 1425, 	
137228	0.0196	Body	157, 	
137240	0.0182	Body	1246, 	
137240	0.0182	Body	1242, 	
137228	0.0196	Body	1325, 	
137223	0.0769	Body	237, 	
137237	0.0306	Abstract	4, 	Body	83, 1270, 	
137240	0.0182	Body	1077, 	
137223	0.0769	Body	43, 	
137228	0.0196	Body	885, 	
137237	0.0102	Body	791, 	
137237	0.0102	Body	1239, 	
137240	0.0364	Abstract	16, 	Body	103, 	
137237	0.0102	Body	1002, 	
137240	0.0182	Body	1231, 	
137237	0.0306	Abstract	87, 	Body	185, 674, 	
137228	0.1176	Body	728, 743, 852, 875, 881, 891, 	
137237	0.0102	Body	597, 	
137240	0.0727	Abstract	135, 	Body	112, 743, 1295, 	
137228	0.0588	Body	811, 1305, 1336, 	
137237	0.0306	Body	401, 481, 1530, 	
137240	0.0727	Body	984, 1065, 1123, 1126, 	
137240	0.0182	Body	555, 	
137223	0.0769	Body	61, 	
137240	0.0364	Body	268, 574, 	
137228	1.0000	Abstract	18, 	Title	2, 	Body	3, 25, 34, 67, 134, 242, 254, 256, 260, 267, 269, 311, 352, 404, 411, 419, 427, 494, 511, 517, 553, 616, 663, 676, 695, 715, 740, 777, 863, 866, 921, 948, 965, 995, 1010, 1026, 1028, 1067, 1085, 1187, 1191, 1265, 1436, 1478, 1545, 1547, 1662, 1697, 1708, 	
137228	0.0392	Body	44, 62, 	
137228	0.0392	Body	4, 834, 	
137228	0.1373	Body	545, 566, 572, 584, 605, 735, 748, 	
137228	0.0196	Body	653, 	
137228	0.0196	Body	745, 	
137237	0.0102	Body	1076, 	
137240	0.0182	Body	1191, 	
137223	0.0769	Body	269, 	
137237	0.0816	Abstract	171, 	Body	296, 323, 905, 926, 1071, 1299, 1754, 	
137240	0.0364	Abstract	71, 	Body	700, 	
137228	0.0980	Body	369, 1059, 1364, 1744, 1776, 	
137223	0.0769	Body	204, 	
137237	0.0306	Body	172, 595, 1743, 	
137223	0.0769	Body	148, 	
137237	0.0612	Abstract	136, 	Body	1056, 1111, 1176, 1395, 1856, 	
137228	0.0196	Body	1483, 	
137237	0.0102	Body	1716, 	
137223	0.0769	Body	200, 	
137223	0.0769	Body	119, 	
137237	0.0714	Body	1402, 1449, 1452, 1479, 1494, 1504, 1550, 	
137237	0.0102	Body	1526, 	
137240	0.0545	Body	200, 225, 548, 	
137228	0.0196	Body	1084, 	
137237	0.0102	Body	1404, 	
137228	0.0392	Body	1533, 1552, 	
137240	0.0182	Body	349, 	
137237	0.0102	Body	851, 	
137228	0.0196	Body	839, 	
137240	0.0364	Body	271, 429, 	
137228	0.0196	Body	652, 	
137228	0.7255	Abstract	17, 	Title	1, 	Body	209, 516, 527, 615, 656, 662, 858, 882, 911, 923, 950, 978, 998, 1003, 1030, 1092, 1134, 1148, 1205, 1210, 1219, 1223, 1254, 1260, 1331, 1377, 1509, 1564, 1626, 1660, 1669, 1725, 1737, 1761, 1773, 	
137223	0.2308	Body	88, 199, 339, 	
137237	0.0204	Body	1692, 1753, 	
137228	0.0392	Body	19, 48, 	
137237	0.0612	Body	432, 751, 910, 1338, 1429, 1573, 	
137240	0.0182	Body	664, 	
137228	0.0196	Body	1294, 	
137237	0.0612	Body	328, 436, 497, 1246, 1347, 1416, 	
137228	0.0196	Body	981, 	
137228	0.0196	Body	1586, 	
137237	0.0204	Abstract	35, 	Body	126, 	
137223	0.0769	Body	247, 	
137237	0.0102	Body	1337, 	
137237	0.0408	Body	1484, 1502, 1554, 1906, 	
137228	0.4510	Abstract	56, 	Body	147, 212, 220, 224, 229, 283, 307, 681, 712, 726, 845, 897, 941, 1272, 1375, 1381, 1398, 1423, 1675, 1676, 1724, 1751, 	
137237	0.0408	Abstract	26, 34, 	Body	110, 1215, 	
137240	0.0364	Abstract	21, 	Body	142, 	
137240	0.0182	Body	1116, 	
137240	0.0182	Body	1247, 	
137228	0.0196	Body	693, 	
137228	0.0196	Body	406, 	
137223	0.0769	Body	266, 	
137228	0.0392	Body	1045, 1057, 	
137237	0.0102	Body	1591, 	
137228	0.0588	Body	641, 765, 870, 	
137240	0.0182	Body	197, 	
137237	0.0204	Body	1320, 1682, 	
137240	0.0182	Body	1276, 	
137228	0.0196	Body	1123, 	
137237	0.0306	Body	1531, 1588, 1759, 	
137237	0.0816	Abstract	190, 	Body	62, 543, 577, 585, 670, 960, 1918, 	
137228	0.0196	Body	308, 	
137228	0.0196	Body	1430, 	
137228	0.0784	Body	69, 126, 252, 1277, 	
137223	0.0769	Body	51, 	
137240	0.0727	Abstract	60, 	Body	688, 726, 780, 	
137228	0.0196	Body	1014, 	
137228	0.0392	Body	87, 100, 	
137237	0.0102	Body	1799, 	
137228	0.0392	Body	318, 336, 	
137237	0.0204	Body	986, 1922, 	
137237	0.0102	Body	1889, 	
137240	0.0545	Body	605, 907, 1009, 	
137237	0.0102	Body	1232, 	
137228	0.0392	Body	374, 531, 	
137240	0.0182	Body	282, 	
137228	0.0196	Body	37, 	
137240	0.0909	Abstract	24, 	Body	147, 403, 443, 525, 	
137240	0.0909	Abstract	27, 	Body	150, 402, 544, 1111, 	
137240	0.0182	Body	1124, 	
137228	0.0196	Body	912, 	
137223	0.2308	Body	84, 136, 305, 	
137237	0.1939	Abstract	45, 162, 	Body	20, 121, 138, 178, 503, 552, 557, 1315, 1392, 1585, 1617, 1684, 1708, 1744, 1830, 1882, 1896, 	
137228	0.0392	Body	1104, 1110, 	
137223	0.2308	Body	182, 226, 298, 	
137228	0.0196	Body	1768, 	
137223	0.2308	Body	183, 227, 297, 	
137240	0.0182	Body	861, 	
137228	0.0196	Body	281, 	
137237	0.0204	Body	547, 576, 	
137228	0.0196	Abstract	32, 	
137228	0.0196	Body	934, 	
137237	0.0102	Body	1614, 	
137228	0.0196	Body	110, 	
137237	0.0102	Body	165, 	
137237	0.0102	Body	1674, 	
137240	0.0364	Body	764, 852, 	
137228	0.0196	Body	756, 	
137228	0.0392	Body	13, 762, 	
137240	0.0182	Body	28, 	
137228	0.0196	Body	1438, 	
137228	0.0196	Body	1587, 	
137240	0.0545	Body	929, 957, 1000, 	
137240	0.0182	Body	899, 	
137240	0.0182	Body	491, 	
137240	0.0182	Body	1204, 	
137228	0.0196	Body	1469, 	
137237	0.0102	Body	598, 	
137228	0.0196	Body	177, 	
137240	0.0182	Body	334, 	
137237	0.0102	Body	1355, 	
137237	0.0102	Body	1860, 	
137223	0.0769	Body	36, 	
137237	0.0102	Body	1130, 	
137228	0.0392	Body	1740, 1783, 	
137237	0.0102	Body	1314, 	
137228	0.0196	Body	649, 	
137237	0.0102	Body	348, 	
137240	0.0182	Body	130, 	
137237	0.0102	Body	1570, 	
137240	0.0182	Body	386, 	
137240	0.0182	Body	669, 	
137228	0.2549	Body	547, 665, 690, 711, 774, 781, 800, 846, 905, 919, 1291, 1297, 1309, 	
137228	0.0196	Body	674, 	
137237	0.0408	Body	241, 867, 1244, 1266, 	
137240	0.0364	Body	466, 493, 	
137223	0.0769	Body	97, 	
137228	0.0196	Body	1495, 	
137228	0.0196	Body	418, 	
137228	0.0196	Body	1402, 	
137228	0.0196	Body	1723, 	
137228	0.0392	Body	197, 825, 	
137223	0.0769	Body	140, 	
137228	0.0196	Body	1470, 	
137240	0.0182	Body	851, 	
137240	0.0182	Body	837, 	
137237	0.0204	Body	538, 915, 	
137228	0.1765	Body	122, 139, 378, 692, 786, 986, 1132, 1182, 1544, 	
137240	0.0182	Body	242, 	
137237	0.0102	Body	958, 	
137237	0.0714	Body	245, 337, 416, 578, 658, 726, 832, 	
137240	0.0364	Body	471, 496, 	
137237	0.0102	Abstract	78, 	
137228	0.0588	Body	544, 583, 980, 	
137228	0.0196	Body	560, 	
137237	0.0816	Body	360, 376, 829, 871, 961, 968, 982, 1351, 	
137240	0.0909	Abstract	62, 	Body	1, 44, 690, 1134, 	
137228	0.0196	Body	669, 	
137237	0.0510	Body	22, 27, 40, 370, 1324, 	
137228	0.0392	Body	1042, 1115, 	
137228	0.0784	Body	1049, 1099, 1105, 1108, 	
137228	0.0196	Body	505, 	
137237	0.0102	Body	90, 	
137237	0.1327	Abstract	91, 	Body	217, 388, 406, 467, 620, 678, 783, 827, 833, 842, 1439, 1560, 	
137228	0.0196	Body	1701, 	
137237	0.0102	Body	1673, 	
137228	0.1373	Body	638, 924, 1077, 1130, 1224, 1378, 1661, 	
137223	0.0769	Body	241, 	
137237	0.0102	Body	663, 	
137240	0.0364	Body	438, 512, 	
137228	0.0196	Body	1459, 	
137228	0.0392	Body	1315, 1764, 	
137223	0.0769	Body	128, 	
137228	0.0196	Body	538, 	
137228	0.0196	Body	400, 	
137228	0.0588	Body	43, 145, 1164, 	
137237	0.0612	Abstract	56, 	Body	500, 508, 544, 586, 1282, 	
137240	0.0182	Body	485, 	
137223	0.1538	Body	142, 308, 	
137237	0.0102	Body	1749, 	
137240	0.0182	Body	20, 	
137228	0.0196	Body	1326, 	
137223	0.0769	Body	254, 	
137237	0.0102	Abstract	189, 	
137237	0.0102	Abstract	89, 	
137228	0.0392	Body	1683, 1733, 	
137237	0.0306	Body	1437, 1578, 1852, 	
137240	0.0182	Body	808, 	
137228	0.0196	Body	95, 	
137237	0.0102	Abstract	18, 	
137228	0.0196	Body	752, 	
137237	0.0306	Abstract	82, 	Body	1283, 1875, 	
137240	0.0182	Body	734, 	
137237	0.0102	Body	150, 	
137240	0.0182	Body	1153, 	
137240	0.0364	Abstract	131, 	Body	1291, 	
137237	0.0102	Body	1839, 	
137223	0.0769	Body	54, 	
137237	0.1020	Body	53, 221, 232, 616, 989, 1146, 1422, 1480, 1813, 1831, 	
137228	0.0196	Body	813, 	
137237	0.0204	Body	913, 1500, 	
137223	0.0769	Body	170, 	
137228	0.0196	Body	1633, 	
137240	0.0364	Abstract	125, 	Body	1283, 	
137240	0.0182	Body	452, 	
137240	0.0182	Body	247, 	
137237	0.0102	Body	1242, 	
137228	0.0392	Body	279, 1663, 	
137237	0.0306	Abstract	150, 	Body	162, 1136, 	
137240	0.0727	Abstract	139, 	Body	1119, 1161, 1299, 	
137240	0.0182	Body	695, 	
137240	0.0182	Abstract	67, 	
137240	0.0182	Body	1172, 	
137223	0.0769	Body	155, 	
137240	0.0364	Body	230, 1197, 	
137228	0.0588	Body	155, 1757, 1779, 	
137223	0.0769	Body	40, 	
137228	0.0196	Body	1440, 	
137223	0.5385	Body	95, 109, 138, 172, 202, 304, 341, 	
137237	0.0102	Body	1712, 	
137228	0.0196	Body	1599, 	
137228	0.0196	Body	935, 	
137228	0.0588	Body	332, 1499, 1541, 	
137228	0.0196	Body	448, 	
137240	0.0182	Body	670, 	
137223	0.0769	Body	290, 	
137237	0.0816	Body	519, 632, 700, 704, 718, 722, 823, 1513, 	
137240	0.3273	Abstract	3, 	Body	89, 576, 580, 584, 621, 892, 901, 912, 920, 931, 953, 955, 967, 981, 994, 1002, 1104, 	
137228	0.0196	Body	1038, 	
137240	0.1091	Body	2, 74, 393, 567, 1032, 1248, 	
137240	0.0182	Body	115, 	
137240	0.0182	Body	897, 	
137240	0.0182	Body	344, 	
137237	0.0102	Body	1690, 	
137228	0.0784	Body	57, 58, 80, 81, 	
137240	0.0545	Body	783, 794, 828, 	
137237	0.0102	Body	1131, 	
137223	0.1538	Body	23, 238, 	
137228	0.0196	Body	30, 	
137240	0.0182	Body	959, 	
137237	0.0102	Body	1756, 	
137228	0.0196	Body	261, 	
137228	0.0196	Body	1158, 	
137237	0.0306	Body	448, 698, 717, 	
137228	0.0392	Body	1341, 1435, 	
137237	0.0102	Body	1794, 	
137228	0.1176	Abstract	9, 59, 	Body	944, 1311, 1319, 1756, 	
137223	1.0000	Title	3, 	Body	32, 68, 79, 105, 116, 151, 177, 219, 229, 280, 283, 328, 	
137237	1.0000	Abstract	8, 21, 41, 51, 111, 124, 135, 185, 	Title	6, 	Body	6, 25, 31, 46, 88, 104, 119, 122, 133, 134, 145, 166, 203, 220, 231, 235, 248, 327, 329, 368, 405, 412, 418, 434, 456, 498, 516, 539, 609, 650, 665, 689, 732, 738, 753, 762, 773, 789, 800, 848, 890, 912, 916, 938, 944, 963, 1043, 1055, 1069, 1103, 1123, 1151, 1159, 1162, 1175, 1178, 1190, 1222, 1248, 1293, 1312, 1326, 1329, 1340, 1345, 1359, 1368, 1382, 1418, 1427, 1477, 1493, 1539, 1552, 1575, 1612, 1631, 1657, 1666, 1670, 1685, 1702, 1734, 1770, 1785, 1812, 1850, 1855, 1898, 	
137240	0.3818	Abstract	65, 78, 99, 	Body	15, 21, 30, 76, 369, 693, 706, 715, 736, 750, 767, 774, 802, 812, 824, 856, 1158, 1194, 	
137237	0.0408	Abstract	94, 	Body	882, 1275, 1866, 	
137237	0.0102	Abstract	170, 	
137237	0.0102	Abstract	42, 	
137228	0.0196	Body	392, 	
137237	0.0306	Body	452, 529, 1555, 	
137237	0.0102	Body	1026, 	
137237	0.0102	Body	1247, 	
137228	0.0196	Body	1718, 	
137240	0.0182	Body	505, 	
137240	0.0182	Body	1121, 	
137237	0.0102	Body	1321, 	
137223	0.0769	Body	214, 	
137228	0.0196	Body	523, 	
137237	0.0204	Body	1808, 1819, 	
137228	0.0588	Body	1286, 1571, 1630, 	
137237	0.0918	Abstract	37, 196, 	Body	112, 141, 356, 776, 1201, 1772, 1924, 	
137240	0.0364	Abstract	111, 	Body	1084, 	
137228	0.0196	Body	1712, 	
137240	0.0545	Body	1183, 1193, 1206, 	
137228	0.0196	Body	1242, 	
137228	0.0196	Body	385, 	
137228	0.0196	Body	387, 	
137228	0.0196	Body	1058, 	
137223	0.0769	Body	293, 	
137237	0.0408	Body	444, 654, 801, 834, 	
137240	0.0545	Abstract	17, 	Body	104, 731, 	
137228	0.0392	Body	1145, 1230, 	
137237	0.0102	Body	1838, 	
137228	0.0196	Body	816, 	
137240	0.0182	Body	549, 	
137240	0.0545	Body	53, 125, 1233, 	
137237	0.0306	Body	77, 176, 1367, 	
137237	0.1020	Abstract	122, 152, 	Body	117, 377, 969, 1310, 1363, 1377, 1733, 1880, 	
137240	0.0182	Body	1145, 	
137228	0.2549	Body	287, 971, 973, 1073, 1128, 1169, 1207, 1220, 1245, 1253, 1282, 1288, 1312, 	
137237	0.0306	Body	531, 1510, 1557, 	
137240	0.0909	Abstract	106, 108, 	Body	360, 1080, 1271, 	
137228	0.0392	Body	232, 245, 	
137237	0.0510	Body	41, 371, 394, 1327, 1369, 	
137228	0.0196	Body	143, 	
137237	0.0612	Abstract	117, 	Body	855, 873, 928, 1331, 1747, 	
137228	0.0196	Body	1583, 	
137228	0.0196	Body	235, 	
137240	0.0182	Body	459, 	
137240	0.0182	Body	385, 	
137228	0.0196	Body	236, 	
137237	0.0204	Body	3, 984, 	
137240	0.0182	Body	1222, 	
137237	0.0204	Body	495, 1818, 	
137240	0.0182	Body	262, 	
137240	0.0182	Body	516, 	
137228	0.0392	Body	1521, 1528, 	
137223	0.0769	Body	346, 	
137237	0.0102	Body	1675, 	
137237	0.0102	Body	758, 	
137237	0.0102	Body	491, 	
137228	0.0392	Body	142, 1508, 	
137240	0.0182	Body	379, 	
137240	0.0182	Body	240, 	
137240	0.1091	Abstract	101, 	Body	353, 872, 888, 1023, 1058, 	
137240	0.0364	Body	238, 249, 	
137240	0.0182	Body	259, 	
137228	0.0196	Body	1151, 	
137228	0.0196	Body	1711, 	
137240	0.0182	Body	948, 	
137228	0.0392	Body	539, 1365, 	
137237	0.0714	Body	1425, 1490, 1524, 1562, 1593, 1764, 1902, 	
137228	0.0196	Body	1696, 	
137228	0.0196	Body	1715, 	
137237	0.0306	Abstract	104, 	Body	1012, 1463, 	
137240	0.0182	Body	1114, 	
137228	0.0392	Body	284, 945, 	
137228	0.0392	Body	1036, 1298, 	
137228	0.0392	Body	165, 799, 	
137237	0.0204	Body	1579, 1752, 	
137240	0.0182	Body	511, 	
137240	0.0182	Body	746, 	
137223	0.0769	Body	225, 	
137237	0.0204	Body	230, 247, 	
137240	0.0182	Body	759, 	
137228	0.0784	Body	435, 819, 1228, 1759, 	
137237	0.0408	Abstract	30, 	Body	193, 1164, 1886, 	
137240	0.1273	Body	72, 267, 409, 913, 1135, 1198, 1223, 	
137237	0.0102	Body	558, 	
137228	0.0784	Abstract	40, 	Body	198, 1732, 1754, 	
137240	0.0182	Title	5, 	
137240	0.0182	Body	134, 	
137240	0.0545	Body	594, 624, 1253, 	
137237	0.0102	Body	1029, 	
137237	0.0102	Body	952, 	
137237	0.0102	Body	431, 	
137237	0.0204	Body	930, 1160, 	
137237	0.0102	Body	1681, 	
137223	0.0769	Body	292, 	
137240	0.0182	Body	57, 	
137228	0.0196	Body	161, 	
137237	0.0102	Abstract	156, 	
137240	0.0182	Body	562, 	
137228	0.0980	Abstract	57, 	Body	349, 364, 409, 441, 	
137237	0.0408	Body	23, 395, 662, 715, 	
137240	0.0182	Body	288, 	
137228	0.0980	Body	17, 83, 96, 810, 1717, 	
137237	0.1531	Abstract	68, 106, 	Body	428, 462, 628, 638, 643, 816, 1014, 1028, 1694, 1706, 1710, 1714, 1829, 	
137240	0.1091	Body	481, 619, 644, 655, 1173, 1179, 	
137237	0.0204	Body	1023, 1307, 	
137237	0.0306	Abstract	144, 	Body	1272, 1771, 	
137240	0.0909	Abstract	136, 	Body	144, 758, 1285, 1296, 	
137237	0.0102	Abstract	28, 	
137228	0.0392	Body	1213, 1215, 	
137240	0.0364	Abstract	44, 	Body	167, 	
137228	0.0392	Body	29, 470, 	
137240	0.0182	Body	294, 	
137223	0.0769	Body	195, 	
137228	0.0196	Body	356, 	
137237	0.0102	Body	1728, 	
137228	0.0196	Abstract	55, 	
137228	0.0784	Body	688, 1316, 1591, 1706, 	
137237	0.0510	Body	548, 575, 1583, 1650, 1730, 	
137240	0.0182	Body	145, 	
137228	0.0196	Body	450, 	
137237	0.1837	Abstract	198, 	Body	30, 355, 581, 615, 747, 907, 996, 1060, 1079, 1185, 1203, 1213, 1243, 1775, 1782, 1859, 1926, 	
137240	0.0364	Body	204, 305, 	
137228	0.0196	Body	116, 	
137237	0.0102	Body	551, 	
137240	0.0545	Body	201, 226, 499, 	
137228	0.0784	Body	296, 599, 696, 1300, 	
137223	0.0769	Body	178, 	
137237	0.0102	Body	1527, 	
137240	0.0364	Body	373, 536, 	
137240	0.2364	Abstract	41, 112, 	Body	164, 233, 301, 339, 367, 378, 398, 413, 426, 503, 1085, 	
137240	0.0182	Body	627, 	
137237	0.0102	Body	681, 	
137240	0.0182	Body	919, 	
137237	0.0102	Abstract	160, 	
137240	0.0545	Body	568, 1097, 1130, 	
137237	0.0102	Body	1305, 	
137237	0.0102	Body	677, 	
137228	0.0392	Body	9, 18, 	
137240	0.0182	Body	315, 	
137228	0.0588	Body	91, 812, 818, 	
137240	0.0545	Body	308, 328, 335, 	
137228	0.0196	Body	655, 	
137223	0.1538	Body	77, 103, 	
137228	0.0588	Body	561, 635, 859, 	
137228	0.0196	Body	175, 	
137237	0.0510	Abstract	33, 	Body	91, 196, 1199, 1210, 	
137240	0.1091	Abstract	123, 130, 144, 	Body	1281, 1290, 1304, 	
137240	0.0182	Body	135, 	
137228	0.0196	Body	1444, 	
137223	0.0769	Body	24, 	
137237	0.0204	Body	152, 1885, 	
137240	0.0364	Abstract	120, 	Body	1093, 	
137228	0.2745	Abstract	7, 51, 	Body	162, 171, 179, 289, 347, 362, 381, 805, 914, 1441, 1746, 1762, 	
137223	0.0769	Body	9, 	
137237	0.0102	Body	1165, 	
137240	0.0182	Body	469, 	
137228	0.1765	Body	581, 591, 609, 622, 630, 639, 757, 761, 764, 	
137237	0.0306	Body	464, 1689, 1697, 	
137228	0.0196	Body	1585, 	
137237	0.0306	Body	16, 1424, 1620, 	
137237	0.0102	Body	1677, 	
137240	0.0727	Body	304, 325, 423, 498, 	
137228	0.0392	Abstract	34, 	Body	706, 	
137240	0.0364	Body	236, 257, 	
137228	0.0588	Abstract	6, 	Body	272, 496, 	
137228	0.1176	Abstract	58, 	Body	434, 481, 909, 1082, 1760, 	
137223	0.2308	Body	129, 145, 336, 	
137228	0.0784	Body	543, 576, 926, 1302, 	
137228	0.0196	Body	957, 	
137228	0.0784	Body	580, 608, 629, 760, 	
137228	0.0784	Abstract	45, 	Body	368, 393, 398, 	
137228	0.0784	Body	342, 462, 477, 1728, 	
137237	0.0204	Body	51, 992, 	
137228	0.0196	Body	797, 	
137240	0.0182	Body	775, 	
137228	0.0196	Body	1269, 	
137223	0.1538	Body	74, 174, 	
137237	0.0102	Body	270, 	
137240	0.0545	Abstract	57, 	Body	684, 1229, 	
137228	0.0196	Body	115, 	
137240	0.0182	Body	127, 	
137228	0.0588	Body	660, 835, 900, 	
137223	0.1538	Body	63, 126, 	
137237	0.1735	Abstract	63, 129, 188, 	Body	334, 382, 402, 465, 514, 769, 813, 819, 844, 1572, 1696, 1698, 1870, 1916, 	
137240	0.0182	Body	647, 	
137237	0.0408	Abstract	141, 	Body	705, 723, 1238, 	
137240	0.0182	Body	969, 	
137240	0.0182	Body	175, 	
137240	0.0182	Body	270, 	
137240	0.0545	Body	184, 310, 835, 	
137237	0.0102	Body	1707, 	
137237	0.0102	Body	92, 	
137240	0.0364	Body	266, 585, 	
137228	0.0392	Body	1180, 1734, 	
137237	0.0306	Body	1077, 1124, 1438, 	
137223	0.0769	Body	71, 	
137237	0.0102	Body	1428, 	
137240	0.1091	Body	16, 27, 776, 805, 813, 816, 	
137228	0.0392	Body	750, 1353, 	
137223	0.3077	Body	22, 163, 210, 245, 	
137237	0.0204	Body	256, 398, 	
137240	0.0727	Body	139, 340, 517, 1049, 	
137240	0.0182	Body	679, 	
137240	0.0364	Body	185, 799, 	
137223	0.0769	Body	168, 	
137240	0.0909	Body	389, 421, 425, 433, 507, 	
137228	0.0196	Body	1357, 	
137228	0.0196	Body	1631, 	
137237	0.0102	Body	648, 	
137228	0.0196	Body	1518, 	
137240	0.2545	Body	77, 109, 417, 559, 588, 784, 795, 829, 882, 917, 1105, 1108, 1220, 1250, 	
137228	0.0196	Body	384, 	
137228	0.0196	Body	877, 	
137237	0.0918	Abstract	29, 187, 	Body	76, 174, 390, 1536, 1567, 1580, 1915, 	
137240	0.0727	Body	179, 191, 757, 1159, 	
137223	0.2308	Body	58, 122, 181, 	
137237	0.0102	Body	1640, 	
137228	0.0196	Body	991, 	
137228	0.0196	Body	1354, 	
137228	0.0196	Body	89, 	
137237	0.0102	Body	1508, 	
137237	0.0102	Body	1001, 	
137228	0.1176	Body	412, 428, 1083, 1139, 1188, 1709, 	
137240	0.0364	Body	1182, 1192, 	
137228	0.0196	Body	1608, 	
137237	0.0102	Body	1420, 	
137228	0.0784	Body	1170, 1474, 1513, 1522, 	
137237	0.0918	Abstract	86, 	Body	164, 310, 342, 443, 549, 601, 784, 932, 	
137240	0.0182	Body	178, 	
137228	0.0196	Body	1609, 	
137228	0.0196	Body	632, 	
137228	0.0196	Body	589, 	
137240	0.0364	Body	583, 675, 	
137228	0.0392	Body	457, 491, 	
137228	0.0196	Abstract	46, 	
137237	0.0204	Body	1660, 1888, 	
137240	0.0182	Body	983, 	
137240	0.0364	Body	107, 788, 	
137240	0.1091	Body	48, 128, 467, 473, 637, 1043, 	
137237	0.0102	Body	1783, 	
137237	0.0102	Body	1837, 	
137240	0.0364	Abstract	70, 	Body	699, 	
137228	0.0980	Body	661, 1209, 1259, 1625, 1682, 	
137240	0.0364	Abstract	132, 	Body	1292, 	
137228	0.0784	Body	671, 844, 1647, 1665, 	
137237	0.1429	Abstract	80, 	Body	227, 257, 486, 507, 540, 736, 877, 1269, 1294, 1362, 1648, 1669, 1718, 	
137240	0.0545	Body	518, 649, 842, 	
137228	0.0392	Body	243, 1534, 	
137237	0.0102	Body	1298, 	
137228	0.0784	Abstract	27, 	Body	196, 1256, 1681, 	
137228	0.0392	Body	1204, 1686, 	
137223	0.0769	Body	188, 	
137237	0.1327	Body	187, 207, 301, 492, 774, 925, 1186, 1306, 1328, 1417, 1435, 1683, 1899, 	
137240	0.1091	Abstract	11, 	Body	98, 281, 424, 751, 770, 	
137228	0.0196	Body	952, 	
137228	0.0392	Body	1327, 1344, 	
137228	0.0196	Body	1168, 	
137228	0.0196	Body	319, 	
137228	0.0588	Body	546, 582, 585, 	
137237	0.0204	Body	669, 870, 	
137237	0.0102	Body	1434, 	
137228	0.0392	Body	828, 932, 	
137237	0.1327	Body	373, 505, 513, 683, 818, 1006, 1030, 1371, 1454, 1541, 1544, 1695, 1895, 	
137237	0.0102	Abstract	73, 	
137228	0.0588	Body	49, 181, 1335, 	
137240	0.0182	Body	329, 	
137240	0.0182	Body	616, 	
137237	0.0102	Body	1240, 	
137228	0.0980	Body	21, 710, 769, 1165, 1714, 	
137223	0.2308	Body	3, 55, 131, 	
137237	0.1429	Abstract	53, 133, 191, 	Body	1044, 1057, 1099, 1108, 1141, 1143, 1171, 1354, 1456, 1726, 1857, 	
137240	0.1091	Body	50, 597, 909, 1047, 1185, 1287, 	
137237	0.0306	Body	309, 1397, 1410, 	
137240	0.0364	Body	1156, 1265, 	
137240	0.0182	Body	39, 	
137228	0.0196	Body	50, 	
137237	0.0102	Body	743, 	
137228	0.0588	Abstract	2, 10, 	Body	216, 	
137237	0.0612	Abstract	2, 	Title	1, 	Body	81, 148, 879, 1271, 	
137223	0.0769	Title	4, 	
137240	0.0364	Body	202, 303, 	
137240	0.0364	Body	614, 940, 	
137240	0.0182	Body	1177, 	
137223	0.0769	Body	222, 	
137237	0.1020	Abstract	13, 15, 	Body	61, 98, 880, 883, 892, 1008, 1276, 1867, 	
137240	0.0727	Body	65, 180, 188, 1160, 	
137237	0.0306	Abstract	140, 	Body	886, 1237, 	
137237	0.0102	Abstract	95, 	
137228	0.0196	Body	344, 	
137237	0.0612	Body	54, 222, 233, 617, 990, 1814, 	
137228	0.0196	Body	1752, 	
137237	0.0102	Body	17, 	
137228	0.0196	Body	75, 	
137228	0.0196	Body	1680, 	
137237	0.0102	Body	114, 	
137237	0.0102	Body	2, 	
137237	0.0102	Body	1658, 	
137240	0.0364	Body	626, 716, 	
137228	0.0588	Body	627, 1032, 1147, 	
137237	0.0306	Body	520, 633, 824, 	
137228	0.0196	Body	1075, 	
137228	0.0392	Body	993, 1129, 	
137228	0.0392	Body	755, 972, 	
137237	0.0102	Body	1802, 	
137240	0.0182	Body	671, 	
137237	0.0102	Body	1836, 	
137223	0.0769	Body	255, 	
137237	0.0612	Abstract	110, 	Body	860, 921, 950, 981, 1018, 	
137237	0.0102	Abstract	101, 	
137228	0.0196	Abstract	47, 	
137240	0.0182	Body	194, 	
137228	0.0784	Body	164, 295, 334, 1739, 	
137237	0.0306	Abstract	36, 	Body	127, 1223, 	
137240	0.0545	Body	22, 132, 1163, 	
137228	0.0196	Body	486, 	
137237	0.0102	Body	48, 	
137237	0.0204	Abstract	183, 	Body	772, 	
137228	0.0196	Body	359, 	
137228	0.0980	Body	167, 195, 1275, 1367, 1618, 	
137240	0.0182	Body	677, 	
137228	0.0392	Body	734, 955, 	
137223	0.0769	Body	4, 	
137237	0.0102	Body	1255, 	
137237	0.0306	Body	1083, 1166, 1224, 	
137240	0.1091	Abstract	79, 148, 	Body	707, 1195, 1267, 1308, 	
137240	0.0182	Body	848, 	
137228	0.1176	Body	612, 623, 640, 700, 758, 783, 	
137237	0.0102	Body	749, 	
137223	0.0769	Body	19, 	
137228	0.0392	Body	1574, 1639, 	
137240	0.0182	Body	1140, 	
137228	0.0392	Body	365, 413, 	
137237	0.1122	Abstract	100, 109, 	Body	289, 361, 764, 852, 920, 945, 949, 975, 1528, 	
137240	0.0909	Abstract	28, 105, 	Body	151, 1003, 1079, 	
137223	0.0769	Body	14, 	
137237	0.0102	Body	1465, 	
137240	0.0364	Body	1008, 1015, 	
137237	0.0102	Body	74, 	
137240	0.0182	Body	579, 	
137240	0.0909	Abstract	80, 	Body	607, 708, 1196, 1268, 	
137240	0.0364	Abstract	149, 	Body	1309, 	
137223	0.1538	Body	157, 212, 	
137240	0.0364	Body	51, 123, 	
137240	0.0182	Body	1217, 	
137237	0.0102	Body	184, 	
137228	0.0392	Body	1217, 1273, 	
137223	0.1538	Body	47, 100, 	
137237	0.0102	Body	1639, 	
137240	0.0545	Body	31, 910, 1013, 	
137228	0.0784	Body	156, 1485, 1736, 1749, 	
137223	0.0769	Body	167, 	
137237	0.0204	Body	904, 1661, 	
137240	0.0182	Body	1255, 	
137240	0.0364	Body	370, 1211, 	
137240	0.0545	Body	374, 410, 1277, 	
137228	0.0196	Body	373, 	
137240	0.0364	Body	47, 1074, 	
137228	0.1961	Body	277, 600, 618, 697, 729, 744, 851, 876, 880, 892, 	
137228	0.0392	Body	1063, 1497, 	
137223	0.3077	Body	57, 180, 224, 295, 	
137237	0.0510	Abstract	76, 	Body	213, 828, 1352, 1517, 	
137240	0.0182	Body	475, 	
137228	0.0196	Body	442, 	
137223	0.1538	Body	39, 106, 	
137237	0.0408	Body	696, 924, 1498, 1566, 	
137223	0.0769	Body	149, 	
137237	0.0714	Body	472, 646, 763, 843, 1152, 1206, 1251, 	
137240	0.0545	Body	557, 566, 1046, 	
137228	0.0392	Body	1651, 1748, 	
137228	0.0196	Body	1678, 	
137223	0.0769	Body	118, 	
137228	0.0196	Body	1710, 	
137223	0.0769	Body	132, 	
137228	0.0196	Body	1076, 	
137228	0.0588	Body	255, 867, 1465, 	
137223	0.2308	Body	25, 98, 233, 	
137228	0.0588	Body	202, 1456, 1671, 	
137237	0.0204	Body	580, 1087, 	
137237	0.0102	Body	45, 	
137228	0.0196	Body	1171, 	
137240	0.0182	Body	1125, 	
137240	0.0364	Body	928, 999, 	
137240	0.0182	Body	841, 	
137237	0.0102	Body	713, 	
137223	0.0769	Body	38, 	
137240	0.0182	Body	573, 	
137228	0.0392	Body	1424, 1607, 	
137228	0.0392	Body	1385, 1422, 	
137228	0.0392	Body	1015, 1473, 	
137240	0.0182	Body	721, 	
137237	0.0204	Body	385, 733, 	
137237	0.0102	Body	18, 	
137228	0.0392	Body	1157, 1382, 	
137237	0.0102	Body	1302, 	
137228	0.0196	Body	738, 	
137240	0.3636	Abstract	8, 10, 	Body	11, 19, 43, 71, 94, 97, 209, 394, 509, 615, 942, 1026, 1061, 1112, 1127, 1230, 1264, 1274, 	
137240	0.0182	Body	454, 	
137240	0.0182	Body	205, 	
137237	0.0204	Body	13, 1595, 	
137228	0.0196	Body	1741, 	
137228	0.0196	Body	1362, 	
137237	0.0102	Body	1226, 	
137240	0.0909	Abstract	45, 	Body	84, 168, 414, 428, 	
137228	0.0980	Body	8, 86, 99, 113, 964, 	
137228	0.0784	Body	230, 314, 482, 1167, 	
137237	0.0102	Body	407, 	
137228	0.1176	Body	219, 244, 315, 1368, 1523, 1621, 	
137237	0.0612	Body	1202, 1212, 1384, 1414, 1701, 1907, 	
137240	0.0364	Body	324, 405, 	
137228	0.0196	Abstract	4, 	
137228	0.0588	Body	611, 621, 699, 	
137240	0.0545	Body	292, 319, 331, 	
137240	0.0909	Abstract	25, 	Body	67, 148, 207, 546, 	
137240	0.0182	Body	1069, 	
137223	0.1538	Body	60, 124, 	
137228	0.0784	Abstract	26, 43, 	Body	449, 977, 	
137223	0.0769	Body	154, 	
137237	0.0714	Abstract	179, 	Body	501, 1387, 1409, 1599, 1883, 1911, 	
137240	0.0182	Body	1261, 	
137240	0.0182	Body	876, 	
137240	0.0182	Body	1030, 	
137228	0.0196	Body	35, 	
137228	0.0392	Body	15, 266, 	
137237	0.0102	Body	1335, 	
137237	0.0204	Body	7, 849, 	
137223	0.0769	Body	329, 	
137240	0.0909	Body	936, 947, 964, 979, 1005, 	
137228	0.0196	Body	1033, 	
137240	0.0182	Body	673, 	
137228	0.0196	Body	631, 	
137240	0.0727	Abstract	93, 	Body	504, 859, 866, 	
137240	0.0182	Body	66, 	
137240	0.0727	Abstract	15, 	Body	102, 881, 916, 	
137228	0.0784	Body	602, 604, 746, 753, 	
137237	0.0102	Body	75, 	
137223	0.0769	Body	110, 	
137240	0.0182	Body	1203, 	
137240	0.0364	Abstract	6, 	Body	92, 	
137228	0.0196	Body	1652, 	
137223	0.0769	Body	314, 	
137228	0.0588	Body	258, 988, 1496, 	
137228	0.1765	Body	659, 670, 899, 1216, 1304, 1314, 1484, 1771, 1780, 	
137223	0.3077	Body	6, 232, 253, 307, 	
137237	0.2755	Body	151, 292, 324, 338, 367, 399, 459, 482, 526, 541, 589, 679, 739, 793, 807, 897, 936, 962, 1045, 1067, 1114, 1153, 1207, 1361, 1520, 1638, 1737, 	
137240	0.2364	Abstract	82, 104, 	Body	460, 524, 593, 595, 625, 712, 722, 765, 853, 875, 1254, 	
137228	0.0196	Body	570, 	
137237	0.0102	Body	249, 	
137240	0.0545	Body	221, 302, 435, 	
137228	0.0392	Body	109, 588, 	
137240	0.0182	Body	865, 	
137228	0.0196	Body	506, 	
137237	0.0102	Body	935, 	
137237	0.0102	Body	1370, 	
137240	0.0364	Title	1, 	Body	1237, 	
137228	0.0196	Body	1189, 	
137240	0.0182	Body	451, 	
137228	0.0196	Body	784, 	
137237	0.0306	Body	1609, 1624, 1787, 	
137240	0.0182	Body	1239, 	
137237	0.0204	Body	1663, 1678, 	
137228	0.0196	Body	166, 	
137237	0.0102	Body	1406, 	
137228	0.0196	Body	1772, 	
137223	0.0769	Body	287, 	
137237	0.0102	Body	1318, 	
137240	0.0364	Body	992, 1133, 	
137237	0.0102	Body	993, 	
137228	0.0196	Body	47, 	
137228	0.0196	Body	903, 	
137237	0.0102	Body	1217, 	
137228	0.0196	Body	1677, 	
137237	0.0102	Body	372, 	
137237	0.0204	Body	1408, 1603, 	
137237	0.0102	Body	1011, 	
137240	0.0364	Abstract	147, 	Body	1307, 	
137228	0.0392	Body	40, 76, 	
137223	0.1538	Body	34, 196, 	
137237	0.0102	Body	1074, 	
137240	0.2545	Abstract	73, 75, 114, 116, 118, 	Body	696, 702, 749, 801, 810, 821, 1087, 1089, 1091, 	
137223	0.3846	Title	2, 	Body	176, 218, 279, 327, 	
137237	0.0714	Abstract	197, 	Body	326, 437, 1068, 1122, 1221, 1925, 	
137228	0.0196	Body	1767, 	
137237	0.0102	Body	49, 	
137240	0.0364	Body	1036, 1039, 	
137228	0.0196	Body	736, 	
137237	0.0204	Body	1125, 1133, 	
137240	0.0182	Body	641, 	
137228	0.0196	Body	830, 	
137237	0.0102	Body	1546, 	
137240	0.0182	Body	1244, 	
137228	0.0392	Body	1579, 1643, 	
137237	0.0102	Body	163, 	
137228	0.0196	Body	1248, 	
137223	0.0769	Body	288, 	
137237	0.0204	Body	426, 626, 	
137240	0.0182	Body	477, 	
137237	0.0102	Body	483, 	
137228	0.0784	Body	643, 645, 789, 791, 	
137228	0.0196	Body	291, 	
137237	0.0204	Body	273, 475, 	
137228	0.0196	Body	849, 	
137237	0.0204	Body	38, 410, 	
137228	0.0392	Body	929, 1590, 	
137228	0.1765	Abstract	14, 54, 	Body	169, 189, 445, 464, 904, 954, 982, 	
137223	0.0769	Body	338, 	
137237	0.0204	Abstract	195, 	Body	1923, 	
137240	0.0364	Body	326, 396, 	
137240	0.0364	Body	390, 422, 	
137228	0.0196	Body	1388, 	
137240	0.0364	Abstract	33, 	Body	156, 	
137240	0.0182	Body	80, 	
137240	0.0182	Body	120, 	
137237	0.0408	Body	451, 701, 719, 1514, 	
137228	0.1176	Body	46, 117, 276, 718, 773, 862, 	
137237	0.0306	Abstract	38, 	Body	129, 1191, 	
137228	0.0196	Body	702, 	
137228	0.0784	Abstract	48, 	Body	193, 205, 1366, 	
137237	0.0102	Body	239, 	
137240	0.0364	Body	195, 368, 	
137240	0.0364	Body	119, 446, 	
137223	0.0769	Body	1, 	
137228	0.2745	Abstract	21, 42, 	Title	0, 	Body	28, 191, 305, 469, 610, 1048, 1201, 1271, 1412, 1492, 1667, 	
137223	0.4615	Title	0, 	Body	2, 64, 73, 127, 270, 	
137237	0.1020	Body	1, 189, 322, 375, 933, 1075, 1090, 1256, 1431, 1724, 	
137240	0.2545	Abstract	39, 	Body	40, 58, 162, 174, 186, 432, 510, 522, 545, 773, 832, 908, 1096, 	
137223	0.1538	Body	18, 46, 	
137237	0.0204	Abstract	59, 	Body	1304, 	
137237	0.0102	Abstract	49, 	
137228	0.0196	Body	798, 	
137240	0.0182	Body	430, 	
137228	0.0196	Body	1562, 	
137228	0.0196	Body	182, 	
137237	0.1122	Abstract	23, 98, 	Body	29, 106, 778, 918, 1100, 1110, 1148, 1172, 1774, 	
137240	0.3273	Abstract	30, 36, 122, 	Title	3, 	Body	61, 153, 159, 199, 1099, 1136, 1142, 1151, 1168, 1187, 1201, 1215, 1257, 1280, 	
137237	0.0408	Body	209, 1048, 1145, 1195, 	
137240	0.0182	Body	1210, 	
137237	0.0306	Body	374, 1372, 1455, 	
137228	0.0196	Body	201, 	
137237	0.0102	Body	44, 	
137240	0.0364	Body	472, 846, 	
137240	0.0182	Body	138, 	
137228	0.1176	Body	1418, 1433, 1442, 1457, 1493, 1516, 	
137228	0.0196	Body	1427, 	
137228	0.0392	Body	741, 832, 	
137223	0.0769	Body	228, 	
137237	0.0306	Body	181, 593, 623, 	
137240	0.1091	Abstract	9, 	Body	70, 96, 395, 857, 1129, 	
137228	0.1569	Body	101, 214, 594, 727, 780, 878, 1453, 1629, 	
137223	0.3077	Body	117, 143, 184, 203, 	
137237	0.0510	Abstract	1, 	Body	57, 79, 767, 1506, 	
137240	0.0364	Body	366, 654, 	
137228	0.0196	Body	1332, 	
137237	0.0102	Body	1154, 	
137237	0.0102	Body	440, 	
137240	0.0182	Body	663, 	
137228	0.0196	Body	151, 	
137228	0.0392	Body	146, 247, 	
137237	0.0204	Body	1182, 1877, 	
137237	0.0204	Body	1587, 1757, 	
137228	0.1373	Body	489, 626, 633, 1203, 1384, 1415, 1515, 	
137223	0.0769	Body	186, 	
137240	0.0182	Body	1147, 	
137237	0.0102	Body	1488, 	
137228	0.1569	Body	795, 1001, 1011, 1019, 1054, 1068, 1235, 1526, 	
137240	0.1273	Body	586, 620, 900, 930, 980, 1001, 1118, 	
137228	0.0392	Body	271, 895, 	
137237	0.0408	Abstract	143, 186, 	Body	885, 1914, 	
137240	0.0182	Body	515, 	
137237	0.0102	Abstract	127, 	
137240	0.0727	Body	461, 719, 1022, 1275, 	
137228	0.0196	Body	983, 	
137228	0.0980	Body	286, 468, 474, 947, 1322, 	
137237	0.0510	Body	1098, 1105, 1118, 1156, 1801, 	
137228	0.0196	Body	910, 	
137240	0.0182	Body	255, 	
137228	0.1176	Body	39, 298, 403, 961, 1190, 1202, 	
137240	0.0182	Body	778, 	
137237	0.0102	Abstract	165, 	
137240	0.0364	Body	470, 638, 	
137228	0.0196	Body	1111, 	
137228	0.0196	Body	959, 	
137237	0.0102	Body	1809, 	
137237	0.0204	Body	408, 1385, 	
137237	0.0612	Abstract	20, 	Body	103, 135, 236, 1290, 1811, 	
137240	0.2000	Abstract	86, 128, 	Body	83, 190, 729, 752, 761, 771, 793, 827, 1219, 	
137240	0.0182	Body	514, 	
137240	0.0182	Body	836, 	
137228	0.0588	Body	1383, 1414, 1514, 	
137228	0.0196	Body	990, 	
137240	0.0182	Body	333, 	
137237	0.9388	Abstract	40, 47, 50, 58, 84, 115, 131, 148, 151, 159, 192, 	Title	3, 	Body	50, 58, 72, 85, 113, 132, 140, 144, 191, 202, 219, 229, 268, 363, 379, 396, 409, 457, 470, 510, 533, 536, 583, 588, 613, 652, 655, 659, 686, 693, 710, 729, 741, 754, 766, 775, 785, 803, 805, 830, 835, 862, 876, 895, 899, 908, 923, 956, 971, 988, 1020, 1022, 1039, 1052, 1058, 1187, 1219, 1258, 1284, 1316, 1374, 1379, 1419, 1447, 1461, 1474, 1496, 1596, 1628, 1636, 1644, 1686, 1719, 1769, 1784, 1847, 1861, 1876, 1893, 1919, 	
137240	0.0182	Body	1102, 	
137237	0.0102	Abstract	114, 	
137228	0.0196	Body	485, 	
137237	0.0714	Body	325, 455, 1042, 1070, 1138, 1161, 1220, 	
137240	0.0545	Abstract	98, 	Body	855, 1157, 	
137240	0.0364	Abstract	133, 	Body	1293, 	
137223	0.0769	Body	69, 	
137237	0.0102	Body	123, 	
137240	0.0909	Abstract	141, 	Body	862, 1028, 1189, 1301, 	
137228	0.0392	Body	1745, 1765, 	
137240	0.0727	Body	224, 551, 991, 1284, 	
137237	0.0102	Body	389, 	
137228	0.0392	Abstract	37, 	Body	1770, 	
137223	0.1538	Body	319, 323, 	
137240	0.2364	Abstract	32, 64, 97, 110, 	Body	13, 155, 364, 437, 692, 745, 858, 1083, 1273, 	
137228	0.0196	Body	714, 	
137237	0.0408	Body	494, 600, 603, 1405, 	
137240	0.0182	Body	136, 	
137240	0.0182	Body	1207, 	
137228	0.0196	Body	1214, 	
137240	0.0182	Body	850, 	
137228	0.0196	Body	794, 	
137237	0.0918	Abstract	10, 	Body	94, 344, 353, 359, 872, 994, 1432, 1891, 	
137240	0.0545	Abstract	13, 	Body	68, 100, 	
137228	0.0196	Body	704, 	
137237	0.0102	Body	786, 	
137240	0.0182	Body	222, 	
137240	0.0182	Body	887, 	
137237	0.0102	Body	1791, 	
137240	0.0182	Body	1075, 	
137223	0.0769	Body	251, 	
137237	0.0102	Body	1649, 	
137223	0.0769	Body	206, 	
137228	0.0196	Body	455, 	
137228	0.0392	Body	713, 1249, 	
137223	0.0769	Body	33, 	
137240	0.0545	Abstract	66, 	Body	694, 737, 	
137228	0.0392	Body	265, 1563, 	
137237	0.0102	Body	966, 	
137228	0.0196	Body	1565, 	
137237	0.0102	Body	195, 	
137223	0.0769	Body	320, 	
137240	0.0182	Body	753, 	
137240	0.0182	Body	629, 	
137228	0.0392	Body	938, 1735, 	
137223	0.0769	Body	316, 	
137237	0.0204	Body	1208, 1763, 	
137228	0.0980	Body	92, 248, 501, 526, 1637, 	
137223	0.0769	Body	193, 	
137237	0.0204	Abstract	200, 	Body	10, 	
137240	0.0182	Body	782, 	
137237	0.0102	Abstract	182, 	
137240	0.0182	Body	336, 	
137237	0.0102	Body	26, 	
137228	0.0196	Body	1296, 	
137240	0.0182	Body	1107, 	
137240	0.0182	Body	431, 	
137237	0.0102	Body	1786, 	
137237	0.0102	Body	1330, 	
137240	0.0182	Abstract	96, 	
137228	0.0392	Body	1615, 1640, 	
137237	0.0102	Body	1561, 	
137237	0.0102	Body	1263, 	
137237	0.0102	Body	1260, 	
137223	0.0769	Body	263, 	
137237	0.0102	Abstract	175, 	
137228	0.0196	Body	1634, 	
137228	0.0196	Body	188, 	
137228	0.0196	Body	379, 	
137223	0.0769	Body	114, 	
137237	0.0102	Body	661, 	
137240	0.0364	Body	38, 989, 	
137237	0.0102	Body	1486, 	
137228	0.0980	Body	316, 601, 624, 666, 793, 	
137228	0.0196	Body	249, 	
137237	0.0102	Body	1473, 	
137240	0.0182	Body	896, 	
137228	0.0784	Abstract	30, 	Body	1258, 1624, 1649, 	
137240	0.0182	Body	476, 	
137237	0.0102	Body	161, 	
137240	0.0364	Abstract	20, 	Body	141, 	
137228	0.1176	Body	53, 302, 383, 650, 815, 1700, 	
137237	0.0102	Body	1073, 	
137240	0.0364	Abstract	117, 	Body	1090, 	
137237	0.0204	Body	304, 565, 	
137240	0.0182	Body	666, 	
137240	0.0364	Body	1131, 1175, 	
137223	0.0769	Body	92, 	
137237	0.0102	Body	1823, 	
137228	0.0196	Body	1688, 	
137237	0.4082	Abstract	102, 103, 	Body	14, 125, 433, 537, 572, 752, 911, 1339, 1403, 1426, 1430, 1433, 1446, 1450, 1453, 1478, 1481, 1491, 1495, 1497, 1505, 1525, 1532, 1551, 1563, 1574, 1582, 1589, 1594, 1601, 1755, 1760, 1765, 1890, 1892, 1900, 1903, 1913, 	
137237	0.0102	Body	1476, 	
137237	0.0204	Body	312, 1010, 	
137228	0.0196	Body	1172, 	
137237	0.0102	Body	1832, 	
137228	0.0980	Body	1020, 1231, 1236, 1520, 1527, 	
137237	0.0204	Body	865, 991, 	
137228	0.0196	Body	1472, 	
137240	0.0182	Body	342, 	
137223	0.0769	Body	347, 	
137240	0.0182	Body	187, 	
137240	0.0182	Body	203, 	
137228	0.0196	Body	328, 	
137240	0.0182	Body	228, 	
137240	0.0182	Body	1128, 	
137237	0.0102	Abstract	163, 	
137240	0.0182	Body	1010, 	
137228	0.2745	Body	233, 237, 246, 270, 310, 1094, 1127, 1142, 1159, 1410, 1419, 1432, 1443, 1450, 	
137223	0.3077	Body	42, 75, 111, 134, 	
137237	0.0510	Body	1483, 1501, 1553, 1758, 1905, 	
137240	0.0182	Body	612, 	
137237	0.0102	Body	1489, 	
137228	0.0196	Body	787, 	
137240	0.0182	Body	464, 	
137228	0.0392	Body	238, 262, 	
137237	0.0204	Body	590, 796, 	
137223	0.0769	Body	230, 	
137228	0.8039	Abstract	19, 	Title	3, 	Body	5, 26, 68, 73, 135, 299, 304, 340, 424, 554, 562, 617, 664, 677, 716, 778, 864, 922, 949, 963, 996, 1008, 1027, 1034, 1051, 1055, 1086, 1106, 1179, 1185, 1192, 1198, 1266, 1280, 1467, 1476, 1535, 1553, 1695, 	
137228	0.0196	Body	465, 	
137237	0.0102	Body	1887, 	
137228	0.0588	Body	518, 647, 1349, 	
137223	0.0769	Body	65, 	
137237	0.0102	Body	39, 	
137228	0.0784	Body	569, 1025, 1131, 1437, 	
137237	0.0102	Body	780, 	
137228	0.0196	Body	1561, 	
137228	0.0392	Body	326, 432, 	
137240	0.0182	Body	633, 	
137240	0.0182	Body	1007, 	
137228	0.0588	Body	974, 1292, 1729, 	
137223	0.0769	Body	173, 	
137237	0.0102	Body	1626, 	
137228	0.0784	Body	131, 1006, 1175, 1395, 	
137237	0.0102	Body	1000, 	
137228	0.0196	Abstract	23, 	
137228	0.0196	Body	1537, 	
137223	0.0769	Body	300, 	
137223	0.0769	Body	262, 	
137237	0.0102	Body	745, 	
137228	0.0392	Body	423, 431, 	
137228	0.0588	Abstract	28, 	Body	124, 1261, 	
137228	0.0196	Body	137, 	
137228	0.0196	Body	64, 	
137228	0.0588	Body	1582, 1584, 1642, 	
137240	0.0364	Body	1020, 1056, 	
137228	0.0196	Body	56, 	
137228	0.0784	Body	60, 61, 93, 94, 	
137240	0.0182	Body	450, 	
137240	0.0182	Body	678, 	
137240	0.0182	Body	542, 	
137228	0.0392	Body	59, 88, 	
137240	0.1273	Body	215, 241, 252, 345, 357, 453, 532, 	
137228	0.0588	Body	472, 497, 1307, 	
137240	0.0182	Body	140, 	
137240	0.0182	Body	840, 	
137228	0.0588	Body	1194, 1343, 1451, 	
137237	0.0204	Body	1183, 1252, 	
137228	0.0196	Body	1581, 	
137228	0.0196	Body	1644, 	
